X,Y,Z
18,3,26
15,7,24
10,7,20
4,6,16
-2,3,14
-3,2,13
-2,1,18
4,-1,24
-16,6,45
-27,2,47
-22,-9,52
-5,-14,55
2,-8,63
6,0,60
8,5,50
5,9,45
3,12,43
2,19,47
6,22,49
13,25,40
17,37,46
26,46,47
23,48,39
12,46,31
-8,43,19
-22,41,13
-23,38,15
-12,40,21
4,47,37
15,51,45
35,57,44
44,57,45
53,57,42
50,54,34
54,52,32
48,56,29
39,58,30
25,56,41
18,50,44
41,50,41
17,46,45
31,42,45
14,42,53
14,44,53
5,47,53
5,46,58
6,46,55
7,43,56
15,39,54
9,30,59
12,24,55
10,24,46
14,23,38
20,23,32
30,20,29
39,21,28
40,23,26
39,24,21
34,24,20
23,20,21
10,21,22
-4,20,21
-27,19,17
-47,17,13
-44,16,15
-29,11,22
-14,9,32
-6,8,39
0,11,41
4,18,39
6,25,34
7,27,31
8,25,24
2,20,19
-4,15,12
-9,10,4
-17,5,5
-22,-1,8
-15,-11,14
1,-16,28
15,-17,32
21,-11,32
23,0,30
21,9,21
20,17,19
17,18,17
9,16,14
6,16,12
0,16,14
-6,13,18
-7,12,24
-9,10,32
-9,7,37
-9,6,43
-5,6,42
0,7,38
1,13,34
2,16,27
3,17,20
5,18,11
7,17,11
6,19,6
5,21,2
4,24,2
6,22,3
8,20,6
12,20,13
6,17,14
8,15,13
7,14,12
7,15,11
7,14,8
8,11,8
9,10,4
10,8,3
8,6,1
10,7,0
10,6,3
9,6,5
8,10,8
6,10,11
6,8,13
3,9,15
3,8,16
2,9,15
1,11,18
1,12,19
1,13,16
0,15,17
-1,17,17
2,19,20
3,22,23
2,24,26
3,27,21
0,24,17
-1,19,16
-1,14,17
1,15,16
7,18,16
12,24,17
9,26,16
6,25,15
-1,23,15
-3,20,15
-3,19,20
0,16,25
5,18,23
5,20,22
4,20,20
3,17,17
1,12,14
0,10,13
0,9,12
0,10,14
1,10,16
0,8,15
0,7,13
-1,10,15
-1,10,15
-1,13,14
2,13,14
-1,12,13
0,9,13
1,10,9
2,9,7
2,9,8
2,9,6
2,8,7
5,8,5
6,7,4
6,9,3
7,9,1
9,8,2
9,5,0
7,6,2
8,7,1
7,7,2
7,7,5
5,11,8
7,11,9
5,12,11
2,12,8
0,13,6
-3,13,10
-6,8,13
-8,5,15
-8,5,14
-5,7,13
-2,12,15
-1,16,14
0,17,10
1,16,9
0,16,7
2,15,6
0,14,3
-2,14,4
-2,12,7
-3,13,8
1,14,9
1,15,8
2,15,5
2,16,5
2,17,4
5,16,5
5,14,4
4,11,5
5,10,4
6,9,4
6,9,6
5,9,5
5,10,6
6,11,7
5,14,9
5,12,10
4,13,9
5,11,9
3,11,9
3,12,11
2,13,13
3,13,12
3,13,13
2,14,12
2,13,14
3,13,15
4,13,12
3,11,12
4,12,12
4,14,9
4,13,9
5,11,8
4,12,10
4,15,11
4,15,12
5,16,10
4,15,10
2,16,10
-1,12,14
-1,8,26
-1,7,28
-3,12,27
1,17,33
4,15,28
5,9,21
6,10,13
8,12,13
6,16,11
7,19,12
7,20,11
5,19,10
3,15,10
0,15,11
-1,16,10
0,15,11
0,17,10
2,14,8
2,16,9
5,16,7
4,15,4
2,14,3
3,13,2
2,14,3
4,16,6
6,16,8
8,18,8
6,16,9
6,14,9
6,12,9
8,10,8
7,7,13
5,6,14
5,6,15
5,10,18
4,6,19
5,1,20
8,1,20
9,6,14
14,14,15
13,23,19
10,19,19
2,5,27
-3,3,42
-4,8,47
-3,5,47
-2,-1,51
0,-7,48
2,-2,49
11,3,47
26,15,51
38,22,53
35,22,48
12,19,35
-24,20,22
-40,22,12
-39,24,12
-36,24,15
-29,26,16
-16,30,11
5,33,-2
29,35,-18
47,38,-23
48,39,-18
50,40,-15
42,43,-5
33,51,6
18,59,20
16,58,24
7,49,23
16,41,25
28,37,39
36,36,51
33,32,53
24,34,52
9,39,49
3,34,37
2,26,26
7,23,25
6,25,27
4,31,38
3,37,48
-1,40,49
-19,45,45
-33,41,47
-44,39,51
-56,33,55
-64,26,61
-59,21,70
-40,22,81
-24,23,75
-25,13,60
-40,-1,40
-50,-6,28
-48,-3,30
-43,1,37
-36,1,49
-26,-2,59
-17,-4,65
-14,-5,75
-21,-11,86
-2,-39,83
47,-54,96
17,-44,79
4,-26,45
-5,-14,8
-3,-2,-12
2,3,-15
6,1,11
9,0,39
14,4,42
25,13,30
15,16,10
9,14,-3
2,12,-14
-2,7,-12
8,1,-8
8,-3,-20
10,-11,-38
12,-19,-51
34,-28,-61
45,-33,-61
39,-29,-58
10,-5,-40
-7,13,-28
-26,27,-11
-37,31,-14
-42,22,-25
-46,9,-14
-44,7,-4
-25,18,35
-26,28,66
-19,34,86
3,35,107
30,35,121
56,32,129
72,26,129
77,29,122
78,38,113
70,41,101
53,37,86
21,30,73
-2,20,63
-4,16,55
-2,22,51
-6,33,59
-24,55,75
-26,72,82
-32,82,75
-60,85,70
-63,78,86
-63,73,107
-30,72,116
-11,67,127
-6,59,129
-12,51,120
-33,41,96
-54,22,69
-60,9,52
-57,1,38
-41,-1,35
-19,-1,37
-3,-2,40
13,-3,40
28,0,43
38,7,44
48,18,41
52,23,35
56,21,25
48,13,14
39,12,3
43,13,-3
40,9,-13
41,7,-21
3,-4,-17
-32,-14,2
-57,-25,15
-75,-31,27
-66,-26,31
-63,-22,26
-45,-18,11
-30,-6,-8
-7,1,-10
17,2,-10
19,2,-4
5,7,-3
-14,16,-3
-27,26,-2
-14,31,6
8,31,15
31,38,32
55,47,35
72,53,34
91,56,34
102,53,39
107,43,44
105,37,44
97,32,41
86,36,40
75,51,49
59,66,58
37,66,68
12,55,79
-10,41,85
-43,37,88
-71,38,91
-85,41,92
-87,46,87
-88,53,76
-101,58,63
-96,59,54
-77,51,47
-60,40,48
-44,29,45
-42,24,40
-44,21,29
-46,18,19
-42,13,13
-29,7,34
-8,-4,60
18,-11,89
45,-12,112
66,-4,118
83,5,106
88,14,94
86,15,77
74,10,61
58,1,44
46,-8,31
31,-16,28
9,-26,44
-13,-32,61
-38,-32,70
-57,-31,70
-66,-28,56
-65,-20,28
-76,-14,10
-67,-3,2
-61,-1,-29
-38,7,-56
7,9,-70
38,14,-65
43,30,-49
23,45,-40
-16,63,-30
-44,75,-30
-29,74,-21
-16,58,6
-6,37,22
10,20,27
29,15,34
56,20,36
77,22,42
89,23,45
96,28,49
92,33,47
92,33,38
91,25,33
78,17,35
65,15,45
52,29,55
38,45,64
6,59,65
-29,64,73
-55,65,84
-69,67,98
-64,61,109
-85,50,103
-110,33,101
-97,19,104
-74,18,101
-74,18,96
-77,15,98
-85,15,89
-85,12,77
-76,5,70
-68,-2,66
-57,-8,60
-41,-9,53
-17,-2,46
13,7,43
37,17,39
56,23,32
67,23,25
72,17,19
73,16,13
63,16,0
60,15,-12
48,9,-26
34,3,-37
22,2,-41
3,6,-44
-23,9,-44
-31,9,-41
-37,5,-45
-34,-4,-50
-28,-9,-49
-31,-1,-53
-27,5,-51
-16,6,-45
-8,3,-23
1,11,9
-4,26,29
-30,44,40
-53,52,28
-59,41,16
-47,21,18
-21,9,36
21,2,54
51,11,66
84,31,73
108,53,71
121,59,67
125,61,69
125,61,65
113,63,60
90,59,53
65,54,50
47,47,53
27,40,52
-1,39,51
-31,38,57
-52,36,61
-72,34,69
-81,26,82
-84,16,88
-124,12,80
-132,10,78
-110,23,78
-74,36,86
-57,46,95
-69,47,93
-74,46,80
-74,29,57
-65,12,44
-42,1,33
-11,-2,23
15,1,15
42,9,11
61,23,17
72,26,19
81,26,16
83,22,14
74,16,10
63,15,0
52,13,-12
38,6,-22
26,-2,-31
18,-9,-35
-2,-15,-40
-26,-19,-48
-51,-25,-57
-64,-38,-63
-56,-53,-60
-48,-63,-41
15,-58,-57
-71,-41,-29
-36,-26,-22
13,-18,-42
15,-3,-29
20,26,8
-8,54,53
-25,61,44
-46,48,33
-61,23,34
-25,2,47
-3,-9,62
35,-9,71
68,0,84
85,7,91
105,19,98
113,30,92
111,46,80
115,57,64
114,63,55
106,64,48
93,64,49
70,66,49
53,66,43
18,63,38
-18,56,37
-53,50,38
-74,43,48
-79,37,65
-117,30,63
-120,15,66
-108,6,67
-86,13,65
-82,21,68
-95,25,71
-111,23,65
-105,13,50
-82,3,39
-68,-4,32
-44,-2,27
-15,5,24
17,11,26
47,10,33
73,7,29
94,8,22
99,12,14
102,12,1
95,10,-13
84,8,-19
65,4,-20
45,-8,-19
25,-14,-13
4,-11,-11
-8,-3,-13
-20,0,-20
-33,-4,-21
-20,-13,-23
-13,-17,-17
-25,-7,-11
-35,0,-9
-27,1,-4
-22,1,-4
-11,1,-6
-31,1,-19
-51,4,-30
-61,2,-27
-61,2,-12
-41,1,-6
-5,8,13
-9,18,30
44,23,31
70,26,47
93,31,70
113,37,90
122,43,90
125,51,78
117,60,73
97,65,66
68,67,60
49,64,57
29,60,56
7,57,57
-12,52,57
-35,47,58
-53,41,61
-56,31,64
-46,22,70
-60,15,64
-93,16,53
-102,18,48
-93,20,52
-81,20,59
-89,16,62
-103,9,54
-99,-3,45
-75,-15,38
-48,-25,29
-22,-30,22
4,-24,24
31,-10,28
67,-3,27
93,2,26
97,11,20
83,18,15
50,14,12
39,5,11
41,-2,13
53,-2,25
49,0,41
30,3,60
3,3,77
-34,-2,82
-57,-9,84
-67,-8,70
-66,-3,43
-45,-4,18
-20,-6,4
-38,1,-15
-35,19,-23
-9,35,-28
30,32,-27
46,24,-39
28,16,-55
-7,16,-64
-33,19,-52
-33,25,-27
-15,25,-11
-1,28,-1
11,37,17
25,49,39
46,54,50
75,58,59
96,66,70
110,74,76
116,70,72
108,59,67
90,40,71
56,29,74
38,45,74
-13,33,82
37,81,71
-33,62,83
-44,7,100
-63,-1,125
-49,19,124
-73,44,89
-100,59,57
-110,54,43
-97,32,46
-84,8,50
-66,-12,55
-55,-19,64
-43,-13,73
-36,-2,75
-34,4,77
-21,6,78
-2,5,74
27,1,71
50,0,67
73,0,60
89,2,54
101,5,44
110,4,29
108,-10,12
101,-44,0
84,-66,7
56,-59,39
28,-19,86
18,5,116
1,16,128
-24,9,123
-57,1,93
-75,-3,65
-72,2,45
-64,18,38
-58,33,24
-30,37,4
-4,26,-9
29,6,-16
46,2,-9
34,23,14
15,49,24
-16,55,12
-43,45,0
-38,34,5
-36,28,25
-25,18,36
-2,7,11
20,-3,-18
39,-14,-12
54,-11,24
68,-11,56
79,-9,70
84,5,63
76,21,50
72,31,53
68,30,61
60,27,70
56,26,77
48,26,77
12,28,71
-21,19,68
-36,11,66
-42,10,65
-23,20,66
-24,33,63
-67,37,61
-80,35,65
-74,31,74
-63,30,77
-60,33,83
-71,35,85
-77,31,80
-77,21,83
-70,6,82
-44,-8,72
-20,-21,59
1,-25,44
22,-19,35
39,-8,34
54,2,36
75,3,31
95,3,22
96,22,20
83,38,26
65,40,20
54,35,12
36,27,14
15,19,25
-4,7,35
-25,-4,36
-36,-17,29
-49,-23,21
-48,-25,21
-42,-27,26
-52,-26,17
-52,-27,9
-48,-34,3
-29,-51,8
-11,-71,11
-1,-72,9
-16,-34,2
-34,23,-17
-34,71,-47
-14,98,-49
18,97,-27
45,73,-3
60,51,16
76,42,35
90,39,41
98,34,40
102,28,44
101,23,48
93,17,51
79,20,56
63,29,58
50,43,63
35,55,64
11,58,63
-10,57,64
-27,52,60
-49,42,60
-69,29,66
-72,11,78
-54,-1,80
-79,-11,66
-79,-9,59
-76,6,64
-71,22,70
-63,28,76
-61,20,77
-79,-1,60
-59,-18,32
-49,-19,34
-45,-20,30
-27,-30,25
-3,-44,30
10,-46,42
18,-35,55
28,-14,63
41,0,66
58,7,68
73,9,71
85,13,68
87,17,64
81,19,49
69,14,37
43,-7,40
28,-27,59
-2,-47,73
-49,-69,87
-75,-80,101
-80,-72,92
-80,-49,67
-68,-20,25
-38,-11,-2
-14,-16,-14
-15,-16,-31
4,-17,-28
24,-9,-23
44,4,-25
51,24,-38
44,36,-53
18,34,-64
-1,23,-65
-9,10,-58
-2,11,-51
19,13,-38
38,17,-18
51,25,0
58,37,17
59,49,34
71,58,52
69,61,63
70,57,69
56,51,75
44,42,82
34,32,86
28,24,83
22,23,82
15,24,75
2,25,71
-5,25,58
-16,20,49
-40,26,54
-31,34,68
-20,31,74
-48,25,62
-66,14,53
-65,5,58
-58,-1,71
-70,-8,76
-75,-17,76
-80,-18,58
-83,-16,38
-78,-15,27
-71,-20,28
-46,-23,41
-7,-27,56
31,-24,66
58,-20,68
73,-12,65
84,-1,60
95,11,52
102,20,41
99,32,39
84,41,34
65,42,34
41,33,28
14,21,18
-3,6,7
-25,-6,2
-49,-20,-1
-68,-27,0
-69,-33,7
-48,-37,15
-27,-38,13
-41,-33,4
-37,-21,-2
-23,-8,1
-7,-2,0
9,-1,-3
8,5,-3
-13,22,-10
-40,41,-18
-45,54,-11
-22,51,2
3,40,26
24,44,44
49,58,49
63,65,35
76,66,25
87,65,26
90,59,32
89,54,36
85,50,38
76,47,42
64,48,44
57,47,47
41,51,51
30,58,42
23,63,33
9,66,29
-8,62,33
-24,50,46
-36,30,54
-73,8,48
-107,-17,51
-113,-46,70
-100,-55,86
-76,-42,93
-75,-16,82
-80,10,64
-66,29,48
-56,36,35
-50,31,32
-44,16,37
-29,1,49
-1,-6,56
30,-6,64
56,-2,69
74,3,73
86,6,65
90,6,53
82,3,39
74,3,25
63,0,15
49,-13,13
30,-33,33
13,-50,40
-5,-55,29
-23,-40,10
-29,-17,-3
-27,0,-11
-20,3,-9
-19,10,3
-37,11,9
-29,8,29
0,5,46
19,2,53
23,10,58
-12,26,63
-49,49,46
-45,62,35
-61,59,24
-49,46,8
-38,28,8
-14,14,12
11,10,17
38,19,19
64,31,17
90,38,17
109,38,21
121,36,28
127,35,32
127,36,34
122,36,32
107,31,27
81,26,24
60,22,22
37,23,25
3,22,27
-25,18,30
-46,16,38
-62,15,54
-69,14,70
-91,16,80
-137,17,85
-162,19,103
-142,23,131
-92,29,155
-69,34,159
-58,41,138
-58,44,107
-50,39,64
-43,25,27
-21,6,-2
2,-12,-23
25,-25,-23
50,-33,-9
67,-28,8
80,-14,28
86,-3,42
89,0,52
83,1,63
72,1,70
60,3,75
43,5,80
27,10,80
14,17,74
11,21,61
10,22,43
2,17,23
-3,11,5
-9,10,-4
-14,8,-9
-11,8,-5
3,4,10
17,7,23
-9,16,4
-14,21,-15
-8,15,-20
15,5,-6
29,-7,7
6,-9,9
-30,4,2
-64,17,-10
-74,24,-10
-69,18,-3
-55,9,5
-28,4,11
2,8,14
34,22,12
62,34,16
81,37,22
92,35,24
97,33,23
94,33,30
88,34,43
78,33,52
61,24,59
66,30,60
23,19,69
29,20,77
13,40,90
-6,48,108
-29,52,137
-65,36,130
-77,8,128
-61,-3,144
-60,0,131
-85,6,105
-63,22,83
-52,41,76
-34,43,73
-23,36,74
-23,24,71
-25,22,66
-47,23,68
-20,20,55
-28,4,61
-20,-23,71
-1,-42,83
19,-49,91
39,-43,90
50,-28,86
54,-9,68
49,5,52
49,16,41
53,26,35
57,31,30
46,30,27
27,23,28
11,14,32
6,0,26
0,-8,15
-6,-6,11
-9,-3,6
-8,1,-1
1,14,0
-5,28,10
-32,40,15
-44,42,9
-35,29,12
-16,12,33
-2,10,58
8,23,70
-2,45,74
-21,65,74
-31,77,65
-28,82,63
-10,77,61
9,68,59
38,57,52
59,59,43
82,57,39
99,52,44
105,46,52
107,37,56
105,33,56
103,33,55
104,23,56
71,18,63
49,41,90
38,66,103
41,76,95
24,78,89
2,77,93
-26,74,103
-40,71,104
-34,62,99
-23,49,89
-49,36,71
-65,24,59
-61,15,45
-56,16,39
-42,26,51
-47,32,64
-64,33,73
-69,24,80
-59,14,89
-48,9,94
-32,8,96
-14,19,96
-9,28,75
22,28,61
62,29,59
87,38,69
101,44,78
98,48,76
95,49,67
93,42,54
81,29,39
59,15,36
34,7,41
16,6,51
3,1,45
-6,1,39
-15,2,28
-21,7,25
-30,12,31
-28,13,42
-29,13,41
-41,19,36
-34,23,34
-24,25,31
-5,28,33
11,23,33
3,32,27
-14,45,19
-30,57,14
-22,60,11
-19,55,14
4,50,15
37,43,16
63,43,23
85,52,32
104,65,36
114,68,40
115,67,47
110,61,48
92,58,52
69,56,58
53,51,64
43,46,68
38,44,68
30,44,69
17,46,75
-1,50,79
-8,58,87
-18,67,91
-21,66,91
-18,58,89
-51,49,73
-71,41,67
-87,32,63
-88,27,70
-84,22,82
-90,4,90
-101,-9,92
-93,-3,95
-76,-12,91
-59,-19,83
-41,-23,74
-12,-24,72
25,-10,74
57,7,71
79,20,66
96,30,58
98,36,50
89,35,51
71,25,54
60,15,51
51,14,41
44,14,25
40,6,8
25,-8,3
14,-16,12
4,-16,16
-6,-9,11
-18,0,9
-19,-3,6
-11,-15,12
-11,-24,10
-17,-21,-15
-10,-5,-46
-1,19,-53
10,24,-48
-10,4,-23
-58,1,-5
-83,19,2
-105,25,47
-102,31,71
-70,40,52
-27,46,23
15,51,19
48,60,23
74,68,32
96,60,32
108,44,29
109,31,33
97,25,42
86,28,49
79,37,62
69,45,70
57,51,96
41,49,99
16,58,100
-4,71,96
-16,80,101
-39,82,108
-56,78,118
-43,75,107
-21,64,83
-30,46,61
-45,31,53
-57,15,57
-53,2,63
-48,-3,67
-58,-6,65
-66,-7,63
-63,-5,63
-52,-2,62
-38,-1,62
-22,-2,60
8,-2,58
26,1,55
48,5,59
70,5,58
90,4,50
96,0,41
86,8,38
77,14,45
50,15,61
35,20,79
23,22,85
14,23,53
29,14,31
13,5,15
-3,7,-3
-23,14,-3
-38,20,2
-33,19,11
-11,16,17
-21,23,11
-26,31,10
-18,36,16
-8,35,27
-3,24,31
-18,20,25
-48,31,8
-63,45,11
-49,54,29
-18,49,38
15,34,38
46,27,35
68,34,30
85,50,26
102,67,27
110,66,31
94,61,36
94,60,39
77,59,47
75,50,56
67,49,64
62,50,68
54,52,76
45,57,83
25,53,89
6,50,96
-10,43,96
-29,37,101
-28,33,104
-68,29,103
-110,28,98
-114,30,106
-95,36,123
-66,42,135
-53,-19,110
-66,29,121
-76,27,85
-73,13,60
-61,1,42
-36,-7,30
-7,-11,27
28,-11,33
54,-2,38
78,4,39
96,8,40
104,15,44
97,21,49
81,19,45
76,7,59
65,-3,75
60,0,79
55,4,59
42,1,43
27,-8,47
4,-7,52
-12,0,51
-23,2,37
-24,-2,29
-28,-7,27
-23,-12,28
-6,-11,28
6,1,17
-4,20,-8
-1,31,-24
-7,30,-25
-8,18,3
-14,4,27
-49,5,29
-80,11,28
-92,18,30
-75,24,41
-30,29,50
16,33,56
56,43,61
89,55,63
118,66,63
134,69,61
140,64,60
132,54,54
114,42,48
94,28,48
78,20,49
83,23,49
77,31,53
39,56,53
-3,75,60
-42,93,72
-60,100,79
-57,80,92
-47,23,108
-35,-19,116
-34,-35,113
-76,-39,92
-70,-44,79
-63,-28,78
-72,-23,109
-101,-23,120
-123,-22,67
-117,-34,21
-85,-39,8
-68,-37,31
-45,-37,53
-12,-24,60
29,-4,50
69,10,28
97,23,9
113,29,5
114,26,4
98,17,12
82,6,20
75,0,34
81,-13,48
71,-17,58
60,-13,70
45,-4,79
21,-1,75
-9,1,64
-37,10,63
-61,14,79
-70,9,81
-60,3,52
-25,3,20
-8,5,4
-23,12,-2
-1,12,2
29,3,11
43,-5,12
28,-6,14
-7,7,12
-37,28,6
-60,40,10
-61,40,23
-53,32,48
-30,17,64
-3,5,68
26,9,64
57,22,62
87,35,66
104,39,70
116,35,67
117,36,65
113,39,61
104,39,59
95,38,62
82,35,66
63,36,68
44,40,70
20,42,65
-12,37,62
-65,37,71
-114,36,94
-129,29,120
-90,19,117
-75,18,83
-72,21,55
-51,23,37
-24,28,37
-16,32,53
-16,21,87
-33,0,110
-68,-2,132
-61,2,152
-46,-19,159
-14,-47,120
33,-50,56
90,-15,-22
97,24,-29
115,27,12
110,7,58
94,-2,81
76,-2,89
61,-2,85
41,-1,83
26,-5,82
19,-11,84
-9,-13,73
-20,-7,55
-22,3,32
-20,9,21
-21,15,20
-22,17,16
-23,20,7
-19,19,-2
-7,13,-5
3,5,-6
-12,3,-15
-15,5,-18
-6,7,-16
9,2,-11
10,-3,-7
-12,2,-7
-44,24,-11
-70,46,-23
-72,49,-28
-58,36,-22
-35,20,-2
-3,15,13
29,23,19
55,37,26
80,47,37
94,50,41
99,44,49
92,37,55
77,30,55
60,25,59
52,17,62
48,17,66
42,18,66
31,23,66
24,33,69
16,44,78
3,56,86
-8,61,86
-20,64,84
-28,63,82
-22,55,80
-14,44,76
-41,32,67
-51,26,56
-68,26,48
-76,32,52
-81,33,65
-99,19,78
-112,1,89
-111,-20,87
-102,-35,72
-85,-41,51
-58,-37,31
-42,-33,21
-20,-21,36
11,-21,40
35,-31,33
57,-29,20
76,-14,6
85,-1,-3
78,3,-8
68,-2,-10
66,-15,-9
75,-18,-12
81,-14,-13
88,-2,-13
72,1,-3
46,3,4
-3,13,14
-42,22,18
-65,30,22
-58,20,32
-42,0,38
-69,-2,28
-79,12,5
-46,24,-5
-5,23,-3
25,16,5
21,9,7
-23,12,7
-69,35,13
-76,60,22
-48,64,35
-9,51,47
27,25,62
51,12,69
71,8,71
91,1,82
100,2,90
102,12,90
102,20,78
101,23,66
104,22,57
96,26,54
86,28,54
74,33,54
63,39,53
48,45,53
28,48,52
1,41,54
-24,28,47
-35,14,52
-27,5,72
-30,-2,94
-77,-10,101
-117,-8,98
-116,7,94
-85,29,107
-68,26,119
-79,12,116
-94,-3,98
-90,-15,75
-72,-19,56
-54,-13,50
-28,-1,57
-1,8,59
18,9,52
39,1,52
47,-4,46
55,-13,34
60,-19,14
64,-18,1
75,-22,-5
71,-23,-3
80,-16,0
75,-18,4
67,-21,5
51,-4,10
45,11,13
32,13,20
11,2,28
-17,-16,27
-26,-31,31
-41,-36,44
-66,-30,49
-67,-23,57
-43,-25,54
-16,-29,58
3,-25,52
-11,-4,34
-31,30,20
-53,58,4
-49,65,-13
-35,58,-14
-31,38,0
-26,18,16
-12,7,28
14,15,24
48,24,22
76,20,34
93,15,43
101,18,38
102,33,35
100,43,40
93,46,41
83,46,51
68,40,56
57,35,60
47,34,67
39,35,70
18,37,74
-6,32,82
-32,22,81
-54,12,75
-58,11,67
-76,19,61
-96,29,55
-91,28,55
-71,29,62
-51,36,83
-48,52,123
-49,61,129
-53,49,99
-46,26,71
-38,6,55
-30,-9,42
-19,-20,42
1,-20,53
28,-15,59
53,0,71
61,12,69
62,24,63
57,31,52
56,30,45
59,29,36
69,25,36
71,15,44
62,8,57
61,10,60
54,13,52
53,5,40
42,-3,27
18,-18,8
-8,-16,0
-29,5,1
-39,25,7
-55,35,3
-78,36,-10
-75,29,-4
-50,25,13
-21,25,30
-10,43,29
-15,62,22
-43,77,14
-66,77,9
-63,63,10
-41,47,20
-12,39,35
21,62,42
65,62,32
90,36,26
104,17,32
118,9,48
116,25,67
112,49,82
106,59,86
97,61,82
89,57,78
80,54,78
73,58,80
74,57,79
60,59,73
37,61,68
0,73,90
-33,83,119
-56,85,142
-53,82,150
-57,81,123
-89,80,99
-88,86,106
-76,99,125
-60,92,133
-53,72,117
-64,51,82
-72,31,52
-80,23,28
-71,26,31
-49,22,42
-10,-3,60
39,-18,70
79,-18,69
109,-11,67
121,-3,59
126,1,52
124,6,44
118,10,41
98,15,37
81,16,38
66,15,42
51,12,49
31,6,65
2,5,70
-35,10,62
-79,16,54
-116,22,61
-122,21,64
-97,9,59
-65,-2,38
-25,-2,25
-5,17,1
12,39,-7
45,54,1
57,61,16
54,62,27
48,57,40
12,49,44
-9,43,34
-16,37,30
-7,32,35
7,28,52
27,24,66
47,21,77
61,16,77
78,15,75
95,17,72
108,29,64
116,44,58
115,56,52
114,58,48
112,53,52
97,46,70
80,43,94
60,53,116
44,67,130
14,65,137
-25,49,133
-60,44,130
-56,50,127
-40,52,127
-56,57,122
-61,58,116
-54,55,107
-43,49,99
-29,40,89
-28,30,83
-27,17,69
-35,11,54
-45,3,41
-43,-4,37
-29,-12,40
-12,-19,46
18,-19,48
40,-17,54
55,-17,54
67,-11,46
82,5,47
88,20,48
80,29,46
69,29,51
59,22,65
50,19,81
36,20,87
31,20,79
18,16,63
-14,6,43
-32,-17,13
-44,-45,-17
-45,-56,-32
-44,-56,-30
-35,-48,-21
-30,-41,-12
-37,-31,-7
-32,-15,2
4,-3,14
22,6,18
23,13,21
6,27,22
-22,45,15
-47,59,7
-52,64,2
-48,55,3
-35,43,15
-17,31,24
11,31,28
41,42,31
67,54,35
90,62,38
108,64,39
118,65,41
116,63,41
103,62,42
85,58,46
76,52,56
65,49,64
56,53,67
45,60,65
37,63,64
19,64,60
-3,58,57
-26,52,52
-27,48,56
-14,45,59
-30,45,60
-80,42,56
-98,28,61
-96,19,66
-72,20,74
-65,20,80
-76,17,78
-91,2,67
-89,-15,54
-82,-22,44
-57,-29,39
-20,-34,43
15,-30,49
43,-15,58
66,7,62
84,23,60
92,26,53
88,20,41
82,13,30
75,9,18
70,9,8
66,12,0
55,14,-9
42,11,-7
31,3,-2
10,1,4
-18,3,8
-42,4,11
-54,0,14
-55,-12,17
-41,-26,16
-24,-35,19
-37,-28,13
-33,-13,12
-18,3,17
-5,15,20
-3,25,20
-14,36,17
-42,42,6
-59,37,-2
-57,26,1
-42,19,14
-28,17,27
-10,21,36
12,31,45
37,52,60
72,72,65
92,82,57
107,82,44
109,75,34
106,66,35
110,61,32
113,55,28
110,48,16
101,41,12
89,35,16
62,42,34
34,62,52
0,77,62
-31,85,65
-60,81,79
-69,68,99
-74,62,107
-79,56,113
-78,55,105
-60,61,93
-49,69,81
-59,71,73
-79,61,66
-86,41,63
-77,24,57
-64,8,54
-50,2,57
-30,-2,56
-3,-2,60
17,1,60
44,4,53
65,15,34
82,28,11
97,37,0
104,40,1
97,26,16
80,9,26
61,3,34
39,5,41
15,3,38
0,-1,33
-15,-13,30
-26,-19,25
-32,-23,14
-37,-22,5
-49,-22,1
-42,-30,-1
-24,-40,-4
-18,-34,-10
0,-15,-9
24,12,-11
37,35,-2
33,53,12
8,62,29
-27,65,37
-59,63,43
-74,61,55
-66,47,70
-33,30,82
5,22,86
39,26,83
65,38,76
86,50,65
99,56,57
101,58,53
96,58,50
83,57,46
69,52,42
60,46,44
53,45,49
48,46,55
40,47,60
31,48,64
19,49,68
8,48,66
-8,47,64
-19,43,62
-16,35,62
-52,34,57
-75,29,58
-84,29,58
-79,36,62
-77,43,71
-96,36,79
-124,21,80
-125,-4,75
-111,-24,67
-79,-40,60
-42,-51,51
10,-51,33
51,-33,23
74,-7,37
88,17,44
101,27,51
92,27,56
60,45,90
45,64,100
37,52,57
16,30,20
4,5,4
2,-6,2
4,-10,-5
17,-6,-6
15,3,-12
14,10,-22
5,8,-29
0,2,-28
0,-3,-17
-5,-5,-9
-6,5,-4
-4,12,-2
-4,18,-7
-1,12,0
4,5,20
-6,7,25
-22,21,18
-43,35,12
-60,44,10
-57,44,15
-40,44,20
-10,50,22
23,62,26
57,74,34
84,85,43
96,87,46
89,80,50
77,69,53
59,62,56
42,54,61
35,44,62
38,35,61
44,34,57
43,43,51
34,52,44
12,59,45
-9,56,39
-29,45,41
-36,35,56
-24,30,65
-23,27,68
-68,28,57
-78,29,52
-54,37,53
-27,44,46
-22,48,37
-52,48,31
-82,49,22
-90,55,23
-81,56,38
-73,45,64
-49,23,91
-13,5,112
21,-1,114
49,1,107
64,12,90
71,20,72
73,22,53
65,22,29
66,12,6
88,-4,-4
107,-14,-5
101,-14,3
66,-3,17
42,18,31
16,34,43
-14,46,45
-39,37,51
-58,16,55
-63,4,59
-56,1,63
-41,6,68
-27,19,63
-41,34,51
-36,44,34
-28,52,22
10,55,19
38,58,4
31,70,-41
-10,99,-83
-46,113,-82
-64,92,-37
-57,60,11
-30,26,46
-5,14,65
33,11,68
62,19,65
87,27,63
103,31,64
109,30,60
109,30,56
105,25,49
96,29,54
90,41,68
79,49,72
76,49,76
62,52,86
51,57,98
36,64,101
18,70,101
-11,70,100
-35,64,101
-33,54,106
-16,47,114
-25,47,115
-80,55,110
-130,59,116
-121,59,137
-72,52,153
-41,46,146
-42,39,124
-58,36,85
-64,32,45
-67,24,9
-65,5,1
-36,-4,18
-1,-8,44
31,-9,60
53,3,68
55,25,60
58,43,38
68,42,19
74,25,18
77,10,21
74,-6,20
66,-16,23
52,-21,31
34,-20,42
12,-9,48
-15,11,55
-41,35,53
-52,39,63
-64,29,77
-67,19,85
-36,14,76
-9,21,49
10,34,25
23,45,3
27,38,1
43,15,19
61,0,42
54,2,44
17,21,25
-32,51,0
-50,65,-18
-41,65,-7
-16,51,11
8,39,24
37,34,13
54,43,0
74,62,1
89,70,20
98,69,50
98,64,68
93,59,68
82,61,66
71,65,63
52,69,59
33,73,58
21,72,58
3,67,56
-11,59,54
-18,53,45
-24,57,38
-25,64,40
-22,73,51
-18,71,67
-64,68,64
-111,65,57
-119,56,62
-98,55,77
-69,50,91
-53,37,94
-53,23,80
-65,24,61
-68,29,51
-52,28,52
-38,19,67
19,17,61
52,18,67
76,28,73
90,41,76
100,46,75
98,45,75
88,38,71
69,28,65
43,18,53
13,7,39
-7,-2,32
-30,-10,28
-43,-16,45
-51,-22,64
-69,-25,81
-75,-24,80
-77,-22,60
-72,-14,44
-49,-4,31
-29,5,26
-40,23,13
-22,42,25
0,52,35
18,56,39
38,53,41
46,50,37
36,55,23
6,60,3
-14,62,-16
-17,54,-21
-3,46,-21
23,37,-22
53,33,-24
74,40,-26
92,52,-13
112,57,6
125,50,11
122,46,20
114,42,21
97,45,32
80,64,57
75,77,72
66,77,73
57,64,66
37,58,58
15,59,57
-15,66,60
-41,69,61
-61,72,64
-73,76,73
-68,76,92
-54,80,113
-78,89,117
-101,84,109
-74,69,118
-37,63,155
0,57,158
-5,49,111
-27,51,60
-38,58,35
-28,75,38
-25,84,48
-8,100,50
6,94,59
15,79,62
28,61,68
54,57,79
71,57,82
78,50,84
79,37,85
72,27,82
70,23,81
64,22,77
44,17,82
28,16,82
14,20,72
-5,26,62
-34,33,63
-60,37,65
-72,36,58
-79,31,47
-75,40,86
-45,43,109
-54,35,55
-52,36,14
-15,33,18
13,28,40
37,24,49
46,29,41
32,40,27
7,56,15
2,61,2
10,59,-8
23,54,-13
50,50,-14
70,41,-13
84,42,-8
88,51,0
91,57,0
92,60,1
96,60,8
92,60,10
86,63,18
76,68,26
67,68,39
57,66,59
47,70,77
37,77,79
23,81,70
1,88,65
-20,89,63
-47,94,69
-54,99,84
-45,99,91
-54,104,85
-83,108,82
-86,111,99
-75,111,111
-44,111,119
-22,114,127
-18,114,119
-21,105,99
-19,90,78
-16,76,57
-15,63,44
-10,48,34
-6,38,34
8,32,41
27,28,50
41,33,52
51,40,43
57,45,35
59,45,28
59,35,26
61,21,32
67,17,37
72,19,44
64,17,50
58,19,47
55,15,34
37,-3,31
-5,-5,50
-49,-1,73
-82,7,114
-91,10,129
-97,12,118
-91,10,89
-76,9,68
-88,19,57
-78,25,62
-56,19,42
-29,-13,9
34,-29,-19
32,-18,-37
25,10,-49
15,35,-46
2,47,-38
-3,45,-34
-3,39,-28
5,32,-20
21,27,-10
41,26,6
58,31,13
71,39,11
86,41,12
100,42,21
108,43,25
111,38,23
111,30,25
102,22,33
90,23,58
83,23,80
73,27,107
64,28,115
66,21,85
56,16,42
23,15,31
-18,26,90
-78,36,182
-67,50,199
-107,62,170
-118,77,140
-103,90,134
-75,93,134
-61,92,136
-73,86,144
-102,80,137
-114,69,100
-96,48,45
-51,17,3
-6,-5,5
24,-12,23
50,-6,42
68,7,56
83,13,62
97,8,65
102,12,71
107,12,71
101,8,69
94,7,66
89,6,62
96,3,59
78,-5,45
62,-20,31
24,-40,36
-46,-21,62
-65,-22,82
-77,-9,92
-79,6,104
-78,19,120
-67,24,124
-74,19,91
-59,11,48
-44,11,16
12,5,-12
42,3,-28
54,17,-25
42,30,-26
24,38,-33
-2,34,-30
-19,21,-21
-12,10,-7
-2,2,8
14,9,17
31,19,5
60,27,0
79,34,1
81,41,7
84,50,26
79,50,34
80,43,36
72,33,44
79,30,61
74,33,79
82,42,85
73,51,80
59,62,81
23,70,88
3,80,101
-23,90,119
-35,93,117
-24,90,111
-39,88,98
-77,68,93
-100,45,102
-92,41,119
-64,43,127
-63,47,119
-70,43,110
-74,37,104
-63,29,97
-45,27,92
-25,21,90
0,11,87
29,4,86
55,2,84
73,4,80
78,14,72
77,25,63
67,34,53
53,31,59
35,25,96
12,25,137
-4,23,144
-23,16,132
-33,12,110
-35,9,84
-32,9,71
-29,4,66
-10,10,58
-2,12,40
21,10,23
49,4,17
60,11,14
65,18,-3
67,29,-14
73,33,0
74,29,23
71,19,39
56,23,51
23,40,39
-23,64,26
-37,81,12
-35,86,16
-3,80,21
-1,64,24
12,46,30
30,37,41
51,30,66
124,34,74
93,46,85
92,54,82
92,61,80
94,58,76
92,51,77
77,43,90
70,43,108
53,42,121
35,44,132
13,47,138
-28,53,157
-58,63,184
-53,68,187
-24,73,172
-29,73,145
-67,69,124
-78,61,116
-59,51,110
-17,46,100
-25,44,89
-28,28,70
-66,19,66
-34,16,54
-32,14,56
-27,7,61
-17,2,68
0,1,71
17,-1,76
38,-4,77
53,-8,76
58,-6,70
57,-3,67
57,2,63
55,4,60
66,3,41
56,3,36
51,3,33
35,2,36
20,1,36
-1,1,34
-24,1,27
-45,-2,25
-52,-6,36
-40,-9,48
-42,-5,47
-23,0,48
-3,2,38
11,3,31
18,8,29
19,25,43
12,46,55
-12,61,42
-37,64,24
-41,56,11
-31,43,3
-13,32,0
11,23,1
37,19,5
62,20,7
86,21,9
108,22,10
125,26,15
116,34,29
112,39,46
86,45,61
107,47,64
86,44,64
66,28,69
48,16,75
38,15,93
27,22,119
12,28,131
-7,28,133
-33,32,128
-46,35,120
-97,32,103
-140,19,95
-128,4,100
-75,2,112
-23,1,119
-12,3,122
-25,15,120
-33,20,94
-38,26,80
-38,19,73
-47,1,64
-42,-16,64
-20,-28,66
-2,-33,66
17,-35,64
32,-33,57
40,-22,50
51,-15,41
52,-17,43
52,-21,50
52,-18,60
50,-17,57
51,-14,49
50,-17,40
45,-14,44
42,-11,49
26,-7,44
8,3,24
-16,15,20
-18,25,38
-23,28,57
-36,39,60
-32,40,67
-4,29,61
1,14,58
-3,2,47
-18,-5,42
-35,0,48
-45,12,39
-37,21,27
-14,22,20
10,19,9
35,16,3
56,17,7
75,21,21
92,24,38
95,26,52
109,30,53
106,37,55
102,50,62
84,60,68
77,72,65
59,72,51
51,68,50
53,60,70
51,55,86
34,61,103
11,66,110
-9,70,112
-20,69,121
-25,74,134
-61,85,144
-87,86,143
-84,74,141
-55,63,146
-12,60,148
5,58,138
-4,56,123
-24,56,107
-38,52,97
-32,43,98
-35,34,97
-20,22,98
4,10,89
26,5,85
39,6,87
48,4,83
56,4,74
64,5,64
67,6,53
68,7,48
58,10,56
51,21,81
52,27,100
40,24,105
24,13,89
24,10,77
-19,19,84
-40,29,100
-46,27,117
-47,18,117
-28,19,115
-39,33,93
-34,45,75
-18,44,80
5,40,106
25,35,123
23,36,109
13,45,67
-5,52,30
-10,54,9
2,51,8
22,41,23
43,33,33
61,30,35
73,41,44
90,52,55
115,54,55
126,55,30
138,55,10
140,60,1
136,63,7
124,66,33
116,66,46
102,62,46
79,58,52
54,66,76
46,75,89
29,83,84
5,90,74
-29,108,107
-63,131,165
-44,125,187
-73,94,177
-82,68,181
-70,51,186
-32,52,194
-6,61,191
-7,66,183
-23,72,178
-37,91,172
-33,108,153
-19,96,149
4,60,134
33,39,127
64,29,124
86,14,116
100,5,101
108,1,88
106,3,82
101,6,78
84,18,76
75,33,69
67,48,60
52,48,52
32,38,61
5,22,66
-9,8,71
-27,5,68
-57,6,62
-56,17,54
-53,24,52
-39,29,45
-59,41,31
-79,46,21
-80,34,20
-47,19,33
-20,9,48
-12,16,59
-24,33,45
-30,51,22
-33,58,-1
-21,55,-15
-7,52,-18
11,55,-34
28,57,-68
52,52,-100
68,33,-83
88,12,-48
101,16,-21
109,34,-12
113,36,-12
103,28,-8
90,22,8
81,26,20
73,35,27
63,42,42
50,53,63
39,60,73
26,65,84
7,74,92
-2,84,117
-12,92,140
-8,89,152
-21,82,150
-67,72,151
-96,66,165
-78,62,183
-54,64,175
-36,78,146
-36,93,94
-51,93,57
-57,66,43
-47,27,47
-24,-14,60
7,-49,74
55,-51,83
85,-24,82
101,2,69
105,23,62
97,30,51
84,28,52
70,22,70
57,14,87
43,11,93
33,12,91
26,12,89
23,13,83
12,13,77
4,11,70
-2,9,56
-12,5,51
-16,-7,53
-14,-10,60
-9,-10,58
-6,0,47
10,9,39
30,22,36
22,28,22
15,28,19
25,20,19
26,9,28
26,5,28
-14,16,21
-61,36,3
-94,46,-7
-95,36,-3
-82,26,19
-62,28,30
-43,32,27
8,41,2
36,45,-14
63,47,-14
91,48,-3
115,46,5
121,46,7
119,56,2
110,55,5
105,44,16
101,28,26
89,3,23
58,-17,34
9,-4,83
-1,29,132
-6,44,147
-8,33,121
-17,30,98
-20,25,89
-46,39,89
-83,46,103
-96,44,108
-83,31,110
-67,11,106
-62,1,102
-56,-2,84
-51,-25,61
-39,-47,45
-26,-57,37
-10,-54,43
13,-44,51
31,-41,47
37,-39,43
38,-30,39
43,-26,43
52,-28,48
42,-40,60
55,-43,68
57,-38,72
51,-35,78
42,-27,80
33,-17,78
8,-17,91
-14,-25,100
-33,-23,83
-40,-15,55
-41,-7,28
-33,0,5
-21,4,-13
19,3,-18
14,2,-20
6,2,-22
9,13,-19
19,25,-19
23,21,-3
23,6,10
12,-6,21
0,2,24
-17,36,18
-24,69,8
-24,88,27
-11,82,34
4,65,29
11,52,33
33,45,45
50,41,60
65,36,73
74,32,75
79,31,75
83,30,76
87,30,77
87,30,76
82,31,70
72,34,63
63,35,58
55,39,61
40,48,68
16,60,75
-10,65,85
-38,64,84
-54,56,90
-42,47,103
-38,42,102
-63,41,89
-70,40,80
-46,37,84
-16,35,92
-13,31,93
-32,23,83
-47,16,66
-57,6,47
-51,0,36
-42,-8,33
-29,-15,38
-13,-18,50
-2,-9,61
24,-4,58
48,7,51
60,19,43
76,32,32
88,37,25
93,33,30
83,25,51
62,13,71
41,6,90
23,2,103
5,7,105
-1,11,107
-5,14,119
-1,26,94
-11,34,66
-21,35,51
-22,29,33
-14,25,27
1,25,29
-9,29,20
-12,31,9
6,27,7
28,17,22
48,11,44
51,16,50
37,37,40
6,62,17
-24,73,0
-29,64,0
-24,44,6
-13,28,14
-2,20,24
0,22,32
39,31,36
57,39,41
73,43,50
85,45,61
85,43,64
88,44,63
85,43,64
81,41,64
72,40,64
56,37,59
35,36,62
11,44,73
-3,51,88
3,53,84
-5,55,72
-18,63,68
-23,64,73
-49,63,81
-82,61,87
-103,49,95
-84,45,100
-75,46,103
-79,47,104
-85,33,108
-66,17,113
-37,-1,112
-13,-16,102
1,-24,83
16,-24,70
34,-21,62
57,-14,53
70,-2,48
73,12,47
72,24,44
62,26,44
54,23,31
53,12,21
56,6,28
45,9,53
27,3,78
18,-8,89
10,-15,86
1,-12,67
-3,-4,46
-12,4,47
-23,20,101
-30,27,114
-32,24,81
-36,19,58
-31,13,65
-17,10,73
7,4,71
35,-1,66
40,4,57
34,30,48
19,61,31
0,80,19
-7,89,33
7,80,39
2,56,36
13,38,31
33,33,32
49,34,37
65,40,37
90,42,31
109,32,40
113,20,68
106,25,102
91,54,115
78,82,99
71,98,85
58,101,106
53,90,123
55,70,111
63,52,98
61,32,86
47,21,76
24,22,72
14,29,80
17,35,90
26,40,105
-26,49,101
-95,53,93
-116,65,119
-59,101,166
-50,109,184
-74,77,166
-96,32,141
-87,3,116
-59,-16,99
-20,-23,94
13,-15,90
32,-1,78
46,11,64
52,13,52
56,9,49
76,3,52
89,-5,60
75,-13,84
60,-15,101
46,-10,105
40,1,94
33,11,78
26,17,69
17,18,70
4,21,90
-5,24,107
-8,26,89
-13,26,66
-24,28,60
-15,34,70
1,36,89
18,35,79
7,45,54
-9,67,44
36,74,58
51,62,66
53,46,75
38,39,80
19,48,66
3,65,56
0,71,46
11,68,48
20,56,52
43,41,52
47,23,52
84,28,49
93,35,57
102,50,73
111,59,96
118,52,92
92,28,95
112,32,93
97,28,106
91,23,125
81,20,132
74,20,127
70,25,117
65,40,115
56,53,107
37,61,93
7,65,91
-18,70,110
-17,73,146
-24,79,153
-46,81,134
-54,67,119
-43,57,129
-28,54,154
-35,49,170
-51,39,162
-72,36,139
-79,33,115
-70,33,99
-53,32,93
-29,26,87
1,18,78
30,18,70
52,20,68
70,24,63
82,23,62
82,28,65
78,26,69
75,26,77
64,26,84
62,29,85
58,25,83
41,19,89
28,14,98
20,11,98
22,12,90
21,14,80
15,20,79
5,28,87
10,28,74
23,23,61
33,20,44
17,26,26
7,36,23
19,38,30
29,33,33
30,30,38
18,35,43
-3,53,36
-25,69,25
-41,72,26
-40,61,29
-27,42,36
-8,25,38
17,13,35
42,10,32
63,19,40
78,35,54
95,51,62
110,61,62
119,64,57
120,63,56
108,66,62
93,69,62
78,67,52
66,55,50
46,49,50
28,47,51
13,49,47
-4,44,46
-23,39,48
-36,38,53
-43,33,63
-72,35,75
-108,39,80
-110,41,89
-84,47,105
-59,49,117
-48,45,123
-47,36,124
-53,28,102
-58,23,75
-46,9,58
-32,-7,49
-18,-20,46
0,-23,47
22,-19,52
36,-8,58
49,4,60
55,17,67
56,24,69
51,23,65
48,21,59
45,21,53
42,19,44
40,15,36
33,5,22
31,0,12
26,6,10
9,6,7
-8,3,15
-25,0,30
-47,0,46
-45,2,66
-29,8,76
-31,15,62
-43,22,40
-45,30,26
-28,29,25
5,24,40
31,25,48
26,39,12
11,52,-58
-17,59,-88
-38,48,-51
-35,39,18
-14,37,67
12,45,74
42,63,66
66,85,74
83,98,81
101,100,73
121,89,46
118,75,37
106,54,39
96,43,49
96,41,57
96,43,59
93,44,69
83,54,88
73,63,105
63,69,106
53,79,98
30,79,90
-5,68,88
-23,64,97
-33,73,121
-87,85,128
-106,96,130
-96,104,121
-64,101,115
-24,95,118
-10,85,107
-21,84,88
-27,83,60
-27,72,41
-24,56,39
-18,36,47
-6,25,59
11,25,66
32,32,70
52,37,73
66,40,73
68,42,65
65,41,57
59,42,49
52,37,44
45,22,60
41,5,83
33,-4,86
20,-3,69
11,12,43
11,23,18
13,35,15
-6,43,51
-22,54,79
-29,65,117
-20,70,132
-11,67,143
-16,64,138
-16,77,144
-19,105,117
-5,132,89
34,133,68
57,111,35
59,92,11
39,76,10
21,62,14
14,55,27
29,49,39
53,40,50
73,40,49
85,48,44
97,59,41
111,66,41
119,64,41
122,61,42
119,60,36
103,62,25
86,68,22
72,65,44
71,75,26
60,86,-5
51,82,22
35,69,76
10,66,126
-9,72,146
-16,87,147
-13,99,134
-4,100,129
-4,103,130
-45,93,124
-68,78,121
-70,76,131
-43,84,149
-31,87,152
-35,73,135
-49,59,117
-46,48,113
-29,42,113
-4,34,109
25,21,103
48,12,95
68,23,99
90,33,102
100,30,92
100,30,74
92,32,65
75,30,63
66,28,63
59,23,68
56,20,76
44,17,75
26,17,74
6,19,70
-3,20,62
-7,20,58
-14,16,54
-22,13,46
-26,5,40
-19,-2,35
-7,-1,35
10,3,35
6,22,44
-5,43,60
-4,57,55
-9,60,42
25,54,39
52,43,52
41,44,61
0,59,66
-32,65,55
-40,61,34
-33,47,19
-20,34,15
-6,28,24
14,24,35
43,23,40
66,25,46
85,26,49
93,28,49
99,33,39
98,35,29
95,40,27
93,45,33
84,53,47
69,56,55
57,52,59
43,51,62
24,54,62
-5,59,64
-32,61,69
-44,58,71
-36,52,65
-25,60,65
-47,70,65
-62,64,63
-70,57,73
-52,63,98
-24,65,113
-11,62,121
-22,52,120
-37,41,111
-48,32,104
-47,24,97
-29,15,87
-15,10,79
1,11,68
20,14,63
38,15,68
53,21,72
52,19,69
46,23,66
45,31,73
36,31,84
14,14,88
17,0,84
19,-9,75
19,-7,75
12,5,88
10,27,119
22,57,85
36,69,26
38,51,8
36,39,2
34,39,-3
52,43,-7
48,46,-13
31,47,-11
14,47,6
6,48,24
17,37,52
27,19,67
14,13,62
-3,19,50
-24,38,47
-22,52,56
-8,55,63
10,51,66
20,43,68
42,46,69
54,46,72
69,45,75
79,40,77
76,29,71
68,22,68
64,20,65
59,27,62
59,33,56
55,39,51
47,43,56
45,48,64
46,53,69
38,59,71
27,62,69
11,69,67
-10,80,71
-10,84,79
9,77,96
-27,63,102
-45,55,116
-59,59,130
-57,70,148
-55,65,150
-63,55,148
-71,44,145
-75,28,132
-72,15,108
-51,13,84
-32,12,66
-11,14,54
8,12,53
26,13,53
38,19,50
44,25,42
46,32,40
42,37,37
33,38,33
36,34,34
40,26,31
47,24,30