X, Y, Z, Thresh, Prec, Max, Min, Total Steps 
-166, -79, 36, 134, 23, 320, -51, 0
-221, -105, 50, 134, 23, 320, -51, 0
-220, -104, 55, 134, 23, 320, -51, 0
-220, -102, 59, 134, 23, 320, -51, 0
-221, -99, 62, 134, 23, 320, -51, 0
-222, -95, 65, 134, 23, 320, -51, 0
-221, -88, 57, 134, 23, 320, -51, 0
-221, -83, 50, 134, 23, 320, -51, 0
-221, -80, 40, 134, 23, 320, -51, 0
-220, -78, 31, 134, 23, 320, -51, 0
-224, -80, 30, 134, 23, 320, -51, 0
-227, -79, 29, 134, 23, 320, -51, 0
-229, -77, 29, 134, 23, 320, -51, 0
-231, -74, 30, 134, 23, 320, -51, 0
-232, -72, 31, 134, 23, 320, -51, 0
-232, -71, 31, 134, 23, 320, -51, 0
-232, -70, 31, 134, 23, 320, -51, 0
-232, -70, 31, 134, 23, 320, -51, 0
-231, -69, 32, 134, 23, 320, -51, 0
-232, -68, 33, 134, 23, 320, -51, 0
-232, -69, 33, 134, 23, 320, -51, 0
-231, -70, 34, 134, 23, 320, -51, 0
-230, -72, 35, 134, 23, 320, -51, 0
-229, -74, 36, 134, 23, 320, -51, 0
-227, -76, 37, 134, 23, 320, -51, 0
-225, -79, 38, 134, 23, 320, -51, 0
-223, -82, 37, 134, 23, 320, -51, 0
-221, -86, 37, 134, 23, 320, -51, 0
-219, -89, 36, 134, 23, 320, -51, 0
-218, -92, 35, 134, 23, 320, -51, 0
-217, -94, 36, 134, 23, 320, -51, 0
-217, -95, 36, 134, 23, 320, -51, 0
-216, -95, 37, 134, 23, 320, -51, 0
-216, -95, 38, 134, 23, 320, -51, 0
-215, -94, 39, 134, 23, 320, -51, 0
-215, -93, 39, 134, 23, 320, -51, 0
-216, -92, 40, 134, 23, 320, -51, 0
-216, -91, 42, 134, 23, 320, -51, 0
-217, -91, 46, 134, 23, 320, -51, 0
-221, -89, 57, 134, 23, 320, -51, 0
-224, -89, 70, 134, 23, 320, -51, 0
-227, -88, 81, 134, 23, 320, -51, 0
-228, -86, 84, 134, 23, 320, -51, 0
-226, -83, 79, 134, 23, 320, -51, 0
-221, -80, 73, 134, 23, 320, -51, 0
-216, -77, 69, 134, 23, 320, -51, 0
-212, -75, 69, 134, 23, 320, -51, 0
-210, -75, 69, 134, 23, 320, -51, 0
-212, -74, 68, 134, 23, 320, -51, 0
-213, -72, 65, 134, 23, 320, -51, 0
-214, -70, 62, 134, 23, 320, -51, 0
-213, -68, 61, 134, 23, 320, -51, 0
-211, -67, 60, 134, 23, 320, -51, 0
-210, -67, 60, 134, 23, 320, -51, 0
-209, -68, 60, 134, 23, 320, -51, 0
-208, -69, 61, 134, 23, 320, -51, 0
-209, -72, 61, 134, 23, 320, -51, 0
-212, -74, 61, 134, 23, 320, -51, 0
-215, -74, 62, 134, 23, 320, -51, 0
-220, -72, 63, 134, 23, 320, -51, 0
-223, -70, 64, 134, 23, 320, -51, 0
-226, -68, 66, 134, 23, 320, -51, 0
-227, -67, 65, 134, 23, 320, -51, 0
-227, -69, 65, 134, 23, 320, -51, 0
-227, -71, 64, 134, 23, 320, -51, 0
-226, -72, 64, 134, 23, 320, -51, 0
-225, -74, 63, 134, 23, 320, -51, 0
-224, -74, 62, 134, 23, 320, -51, 0
-223, -75, 60, 134, 23, 320, -51, 0
-221, -76, 58, 134, 23, 320, -51, 0
-220, -77, 57, 134, 23, 320, -51, 0
-219, -78, 56, 134, 23, 320, -51, 0
-218, -79, 56, 134, 23, 320, -51, 0
-217, -78, 57, 134, 23, 320, -51, 0
-217, -78, 57, 134, 23, 320, -51, 0
-217, -78, 58, 134, 23, 320, -51, 0
-218, -78, 60, 134, 23, 320, -51, 0
-218, -78, 60, 134, 23, 320, -51, 0
-219, -79, 62, 134, 23, 320, -51, 0
-220, -79, 63, 134, 23, 320, -51, 0
-220, -80, 64, 134, 23, 320, -51, 0
-221, -81, 65, 134, 23, 320, -51, 0
-221, -80, 66, 134, 23, 320, -51, 0
-222, -80, 67, 134, 23, 320, -51, 0
-223, -80, 66, 134, 23, 320, -51, 0
-225, -80, 66, 134, 23, 320, -51, 0
-226, -81, 65, 134, 23, 320, -51, 0
-225, -80, 63, 134, 23, 320, -51, 0
-224, -78, 62, 134, 23, 320, -51, 0
-221, -75, 60, 134, 23, 320, -51, 0
-220, -73, 58, 134, 23, 320, -51, 0
-219, -72, 57, 134, 23, 320, -51, 0
-219, -74, 56, 134, 23, 320, -51, 0
-218, -78, 55, 134, 23, 320, -51, 0
-217, -79, 54, 134, 23, 320, -51, 0
-218, -80, 52, 134, 23, 320, -51, 0
-218, -77, 51, 134, 23, 320, -51, 0
-220, -74, 52, 134, 23, 320, -51, 0
-221, -72, 53, 134, 23, 320, -51, 0
-221, -73, 55, 134, 23, 320, -51, 0
-221, -77, 56, 134, 23, 320, -51, 0
-220, -81, 55, 134, 23, 320, -51, 0
-219, -84, 54, 134, 23, 320, -51, 0
-219, -85, 53, 134, 23, 320, -51, 0
-219, -84, 52, 134, 23, 320, -51, 0
-219, -84, 51, 134, 23, 320, -51, 0
-220, -83, 50, 134, 23, 320, -51, 0
-220, -83, 48, 134, 23, 320, -51, 0
-220, -84, 47, 134, 23, 320, -51, 0
-219, -85, 49, 134, 23, 320, -51, 0
-218, -88, 53, 134, 23, 320, -51, 0
-217, -88, 60, 134, 23, 320, -51, 0
-217, -84, 68, 134, 23, 320, -51, 0
-216, -80, 75, 134, 23, 320, -51, 0
-211, -78, 80, 134, 23, 320, -51, 0
-204, -79, 82, 134, 23, 320, -51, 0
-199, -84, 83, 134, 23, 320, -51, 0
-197, -87, 84, 134, 23, 320, -51, 0
-198, -85, 86, 134, 23, 320, -51, 0
-200, -81, 89, 134, 23, 320, -51, 0
-201, -77, 94, 134, 23, 320, -51, 0
-201, -77, 99, 134, 23, 320, -51, 0
-201, -80, 102, 134, 23, 320, -51, 0
-202, -82, 102, 134, 23, 320, -51, 0
-203, -83, 100, 134, 23, 320, -51, 0
-205, -84, 97, 134, 23, 320, -51, 0
-207, -87, 96, 134, 23, 320, -51, 0
-209, -96, 100, 134, 23, 320, -51, 0
-210, -108, 107, 134, 23, 320, -51, 0
-207, -117, 117, 134, 23, 320, -51, 0
-202, -115, 128, 134, 23, 320, -51, 0
-194, -102, 135, 134, 23, 320, -51, 0
-187, -88, 136, 134, 23, 320, -51, 0
-185, -77, 130, 134, 23, 320, -51, 0
-186, -72, 120, 134, 23, 320, -51, 0
-190, -71, 108, 134, 23, 320, -51, 0
-198, -70, 97, 134, 23, 320, -51, 0
-208, -71, 88, 134, 23, 320, -51, 0
-223, -75, 81, 134, 23, 320, -51, 0
-243, -81, 75, 134, 23, 320, -51, 0
-262, -89, 69, 134, 23, 320, -51, 0
-274, -99, 64, 134, 23, 320, -51, 0
-275, -110, 60, 134, 23, 320, -51, 0
-261, -120, 55, 134, 23, 320, -51, 0
-242, -124, 52, 134, 23, 320, -51, 0
-224, -119, 44, 134, 23, 320, -51, 0
-213, -106, 23, 134, 23, 320, -51, 0
-211, -89, -7, 134, 23, 320, -51, 0
-212, -69, -37, 134, 23, 320, -51, 0
-213, -51, -51, 134, 23, 320, -51, 0
-210, -41, -45, 134, 23, 320, -51, 0
-204, -41, -27, 134, 23, 320, -51, 0
-198, -47, -6, 134, 23, 320, -51, 0
-195, -56, 13, 134, 23, 320, -51, 0
-198, -65, 38, 134, 23, 320, -51, 0
-205, -72, 75, 134, 23, 320, -51, 0
-213, -83, 128, 134, 23, 320, -51, 0
-217, -92, 181, 134, 23, 320, -51, 0
-217, -90, 211, 134, 23, 320, -51, 0
-218, -74, 213, 134, 23, 320, -51, 0
-216, -42, 196, 134, 23, 320, -51, 0
-214, -7, 171, 134, 23, 320, -51, 0
-208, 16, 151, 134, 23, 320, -51, 0
-195, 27, 135, 134, 23, 320, -51, 0
-183, 29, 115, 134, 23, 320, -51, 0
-177, 26, 96, 134, 23, 320, -51, 0
-179, 21, 89, 134, 23, 320, -51, 0
-187, 10, 100, 134, 23, 320, -51, 0
-194, -7, 127, 134, 23, 320, -51, 0
-198, -28, 154, 134, 23, 320, -51, 0
-198, -44, 175, 134, 23, 320, -51, 0
-193, -54, 189, 134, 23, 320, -51, 0
-187, -50, 190, 134, 23, 320, -51, 0
-179, -35, 184, 134, 23, 320, -51, 0
-167, -19, 178, 134, 23, 320, -51, 0
-152, -11, 177, 134, 23, 320, -51, 0
-135, -17, 187, 134, 23, 320, -51, 0
-122, -36, 208, 134, 23, 320, -51, 0
-123, -57, 235, 134, 23, 320, -51, 0
-140, -75, 267, 134, 23, 320, -51, 0
-176, -95, 297, 134, 23, 320, -51, 0
-221, -114, 317, 134, 23, 320, -51, 0
-264, -134, 320, 134, 23, 320, -51, 0
-299, -156, 305, 134, 23, 320, -51, 0
-326, -172, 279, 134, 23, 320, -51, 0
-342, -181, 249, 134, 23, 320, -51, 0
-348, -185, 219, 134, 23, 320, -51, 0
-339, -181, 189, 134, 23, 320, -51, 0
-309, -170, 155, 134, 23, 320, -51, 0
-265, -153, 120, 134, 23, 320, -51, 0
-214, -131, 86, 134, 23, 320, -51, 0
-165, -105, 57, 134, 23, 320, -51, 0
-119, -77, 33, 134, 23, 320, -51, 0
-83, -49, 13, 134, 23, 320, -51, 0
-58, -26, -6, 134, 23, 320, -51, 0
-41, -10, -22, 134, 23, 320, -51, 0
-32, -2, -28, 134, 23, 320, -51, 0
-38, 4, -37, 134, 23, 320, -51, 0
-32, 4, -38, 134, 23, 320, -51, 0
-20, -1, -15, 134, 23, 320, -51, 0
-27, -1, -54, 95, 52, 511, -321, 8
-47, 7, -97, 95, 52, 511, -321, 8
-84, 15, -133, 95, 52, 511, -321, 8
-145, 16, -161, 95, 52, 511, -321, 8
-231, 6, -142, 95, 52, 511, -321, 8
-336, -20, 24, 95, 52, 511, -321, 8
-423, -60, 192, 95, 52, 511, -321, 8
-484, -63, 364, 95, 52, 511, -321, 8
-512, -35, 505, 95, 52, 511, -321, 8
-483, -1, 498, 95, 52, 511, -321, 8
-420, 27, 437, 95, 52, 511, -321, 8
-334, 21, 325, 95, 52, 511, -321, 8
-233, 6, 160, 95, 52, 511, -321, 8
-139, 4, -19, 95, 52, 511, -321, 8
-63, 23, -149, 95, 52, 511, -321, 8
1, 45, -206, 95, 52, 511, -321, 8
49, 54, -187, 95, 52, 511, -321, 8
73, 52, -107, 95, 52, 511, -321, 8
80, 33, -1, 95, 52, 511, -321, 8
76, 15, 98, 95, 52, 511, -321, 8
77, 8, 162, 95, 52, 511, -321, 8
82, 12, 183, 95, 52, 511, -321, 8
81, 24, 192, 95, 52, 511, -321, 8
74, 28, 207, 95, 52, 511, -321, 8
52, 18, 250, 95, 52, 511, -321, 8
6, 2, 319, 95, 52, 511, -321, 8
-52, -10, 395, 95, 52, 511, -321, 8
-145, -33, 451, 95, 52, 511, -321, 8
-273, -66, 488, 95, 52, 511, -321, 8
-379, -120, 511, 95, 52, 511, -321, 8
-466, -214, 511, 95, 52, 511, -321, 8
-485, -289, 470, 95, 52, 511, -321, 8
-405, -314, 371, 95, 52, 511, -321, 8
-301, -289, 247, 95, 52, 511, -321, 8
-171, -192, 135, 95, 52, 511, -321, 8
-57, -86, 58, 95, 52, 511, -321, 8
4, -26, 29, 95, 52, 511, -321, 8
41, 17, 19, 95, 52, 511, -321, 8
54, 32, -4, 95, 52, 511, -321, 8
55, 37, -23, 95, 52, 511, -321, 8
58, 43, -29, 95, 52, 511, -321, 8
67, 38, -33, 95, 52, 511, -321, 8
78, 24, -37, 95, 52, 511, -321, 8
90, 12, -46, 95, 52, 511, -321, 8
93, 12, -59, 95, 52, 511, -321, 8
71, 20, -84, 95, 52, 511, -321, 8
24, 27, -116, 95, 52, 511, -321, 8
-47, 36, -139, 95, 52, 511, -321, 8
-138, 32, -132, 95, 52, 511, -321, 8
-239, 17, -31, 95, 52, 511, -321, 8
-345, -23, 140, 95, 52, 511, -321, 8
-412, -94, 308, 95, 52, 511, -321, 8
-416, -121, 450, 95, 52, 511, -321, 8
-361, -85, 511, 95, 52, 511, -321, 8
-252, -10, 481, 95, 52, 511, -321, 8
-140, 84, 416, 95, 52, 511, -321, 8
-53, 121, 321, 95, 52, 511, -321, 8
8, 96, 209, 95, 52, 511, -321, 8
41, 60, 131, 95, 52, 511, -321, 8
46, 33, 102, 95, 52, 511, -321, 8
46, 24, 99, 95, 52, 511, -321, 8
51, 28, 95, 95, 52, 511, -321, 8
66, 32, 75, 95, 52, 511, -321, 8
93, 31, 44, 95, 52, 511, -321, 8
114, 31, 24, 95, 52, 511, -321, 8
130, 25, 41, 95, 52, 511, -321, 8
141, 16, 88, 95, 52, 511, -321, 8
149, 10, 150, 95, 52, 511, -321, 8
150, 5, 222, 95, 52, 511, -321, 8
146, -4, 293, 95, 52, 511, -321, 8
137, -25, 367, 95, 52, 511, -321, 8
120, -74, 431, 95, 52, 511, -321, 8
64, -136, 476, 95, 52, 511, -321, 8
-44, -199, 505, 95, 52, 511, -321, 8
-196, -252, 511, 95, 52, 511, -321, 8
-336, -260, 511, 95, 52, 511, -321, 8
-398, -228, 476, 95, 52, 511, -321, 8
-387, -172, 413, 95, 52, 511, -321, 8
-309, -98, 331, 95, 52, 511, -321, 8
-216, -34, 231, 95, 52, 511, -321, 8
-143, -10, 149, 95, 52, 511, -321, 8
-86, -15, 84, 95, 52, 511, -321, 8
-52, -35, 27, 95, 52, 511, -321, 8
-36, -59, -24, 95, 52, 511, -321, 8
-35, -73, -67, 95, 52, 511, -321, 8
-38, -76, -102, 95, 52, 511, -321, 8
-37, -73, -136, 95, 52, 511, -321, 8
-33, -62, -166, 95, 52, 511, -321, 8
-28, -43, -194, 95, 52, 511, -321, 8
-23, -23, -221, 95, 52, 511, -321, 8
-20, -5, -241, 95, 52, 511, -321, 8
-30, 5, -252, 95, 52, 511, -321, 8
-50, 7, -235, 95, 52, 511, -321, 8
-105, 16, -162, 95, 52, 511, -321, 8
-202, 30, -9, 95, 52, 511, -321, 8
-294, 35, 184, 95, 52, 511, -321, 8
-348, 43, 355, 95, 52, 511, -321, 8
-342, 101, 472, 95, 52, 511, -321, 8
-297, 189, 511, 95, 52, 511, -321, 8
-229, 245, 467, 95, 52, 511, -321, 8
-172, 250, 386, 95, 52, 511, -321, 8
-129, 163, 282, 95, 52, 511, -321, 8
-78, 34, 204, 95, 52, 511, -321, 8
-36, -37, 180, 95, 52, 511, -321, 8
8, -53, 188, 95, 52, 511, -321, 8
57, -34, 238, 95, 52, 511, -321, 8
112, -15, 295, 95, 52, 511, -321, 8
162, -11, 349, 95, 52, 511, -321, 8
204, -8, 384, 95, 52, 511, -321, 8
226, -8, 389, 95, 52, 511, -321, 8
231, -7, 373, 95, 52, 511, -321, 8
216, -8, 368, 95, 52, 511, -321, 8
170, -8, 398, 95, 52, 511, -321, 8
98, -8, 447, 95, 52, 511, -321, 8
5, -7, 484, 95, 52, 511, -321, 8
-112, -1, 503, 95, 52, 511, -321, 8
-223, -3, 511, 95, 52, 511, -321, 8
-304, -16, 506, 95, 52, 511, -321, 8
-331, -27, 471, 95, 52, 511, -321, 8
-298, -36, 400, 95, 52, 511, -321, 8
-231, -38, 302, 95, 52, 511, -321, 8
-149, -35, 188, 95, 52, 511, -321, 8
-83, -46, 83, 95, 52, 511, -321, 8
-46, -76, 7, 95, 52, 511, -321, 8
-34, -113, -34, 95, 52, 511, -321, 8
-49, -127, -53, 95, 52, 511, -321, 8
-87, -98, -69, 95, 52, 511, -321, 8
-128, -34, -106, 95, 52, 511, -321, 8
-151, 30, -158, 95, 52, 511, -321, 8
-170, 60, -211, 95, 52, 511, -321, 8
-175, 42, -240, 95, 52, 511, -321, 8
-173, -3, -236, 95, 52, 511, -321, 8
-187, -42, -212, 95, 52, 511, -321, 8
-219, -62, -183, 95, 52, 511, -321, 8
-291, -75, -129, 95, 52, 511, -321, 8
-373, -81, 52, 95, 52, 511, -321, 8
-447, -39, 220, 95, 52, 511, -321, 8
-481, 23, 380, 95, 52, 511, -321, 8
-432, 90, 511, 95, 52, 511, -321, 8
-335, 151, 511, 95, 52, 511, -321, 8
-207, 160, 510, 95, 52, 511, -321, 8
-92, 141, 489, 95, 52, 511, -321, 8
3, 126, 440, 95, 52, 511, -321, 8
75, 110, 359, 95, 52, 511, -321, 8
117, 82, 273, 95, 52, 511, -321, 8
161, 52, 204, 95, 52, 511, -321, 8
178, 19, 164, 95, 52, 511, -321, 8
183, 6, 149, 95, 52, 511, -321, 8
190, 17, 126, 95, 52, 511, -321, 8
192, 49, 97, 95, 52, 511, -321, 8
194, 93, 67, 95, 52, 511, -321, 8
193, 116, 69, 95, 52, 511, -321, 8
172, 112, 118, 95, 52, 511, -321, 8
129, 95, 204, 95, 52, 511, -321, 8
56, 67, 322, 95, 52, 511, -321, 8
-34, 28, 417, 95, 52, 511, -321, 8
-122, -31, 477, 95, 52, 511, -321, 8
-202, -105, 511, 95, 52, 511, -321, 8
-269, -165, 511, 95, 52, 511, -321, 8
-311, -176, 511, 95, 52, 511, -321, 8
-333, -128, 505, 95, 52, 511, -321, 8
-317, -77, 483, 95, 52, 511, -321, 8
-262, -88, 425, 95, 52, 511, -321, 8
-194, -149, 319, 95, 52, 511, -321, 8
-133, -204, 192, 95, 52, 511, -321, 8
-99, -213, 66, 95, 52, 511, -321, 8
-92, -155, -35, 95, 52, 511, -321, 8
-96, -70, -97, 95, 52, 511, -321, 8
-101, -11, -146, 95, 52, 511, -321, 8
-101, 26, -192, 95, 52, 511, -321, 8
-98, 48, -239, 95, 52, 511, -321, 8
-107, 64, -288, 95, 52, 511, -321, 8
-126, 72, -321, 95, 52, 511, -321, 8
-157, 75, -318, 95, 52, 511, -321, 8
-202, 81, -278, 95, 52, 511, -321, 8
-251, 65, -214, 95, 52, 511, -321, 8
-309, -6, -72, 95, 52, 511, -321, 8
-373, -35, 118, 95, 52, 511, -321, 8
-403, -15, 284, 95, 52, 511, -321, 8
-407, 8, 438, 95, 52, 511, -321, 8
-372, 81, 511, 95, 52, 511, -321, 8
-285, 109, 511, 95, 52, 511, -321, 8
-207, 75, 472, 95, 52, 511, -321, 8
-123, 69, 416, 95, 52, 511, -321, 8
-59, 83, 337, 95, 52, 511, -321, 8
-25, 93, 242, 95, 52, 511, -321, 8
5, 101, 168, 95, 52, 511, -321, 8
29, 92, 101, 95, 52, 511, -321, 8
58, 61, 53, 95, 52, 511, -321, 8
89, 34, 15, 95, 52, 511, -321, 8
117, 17, -5, 95, 52, 511, -321, 8
142, 12, -9, 95, 52, 511, -321, 8
167, 18, 2, 95, 52, 511, -321, 8
194, 32, 32, 95, 52, 511, -321, 8
221, 54, 87, 95, 52, 511, -321, 8
243, 75, 195, 95, 52, 511, -321, 8
249, 86, 312, 95, 52, 511, -321, 8
257, 93, 201, 95, 52, 511, -321, 8
262, 108, 438, 95, 52, 511, -321, 8
234, 85, 511, 95, 52, 511, -321, 8
-309, -60, 511, 133, 47, 511, -245, 18
-446, -75, 511, 133, 47, 511, -245, 18
-473, -91, 440, 133, 47, 511, -245, 18
-418, -96, 335, 133, 47, 511, -245, 18
-332, -100, 229, 133, 47, 511, -245, 18
-237, -93, 116, 133, 47, 511, -245, 18
-166, -79, 63, 133, 47, 511, -245, 18
-126, -63, 36, 133, 47, 511, -245, 18
-107, -50, -2, 133, 47, 511, -245, 18
-103, -33, -46, 133, 47, 511, -245, 18
-110, -17, -89, 133, 47, 511, -245, 18
-124, -7, -128, 133, 47, 511, -245, 18
-137, -12, -163, 133, 47, 511, -245, 18
-149, -34, -193, 133, 47, 511, -245, 18
-159, -67, -222, 133, 47, 511, -245, 18
-161, -102, -245, 133, 47, 511, -245, 18
-169, -115, -226, 133, 47, 511, -245, 18
-192, -96, -143, 133, 47, 511, -245, 18
-248, -41, 53, 133, 47, 511, -245, 18
-315, 29, 247, 133, 47, 511, -245, 18
-341, 92, 407, 133, 47, 511, -245, 18
-323, 142, 511, 133, 47, 511, -245, 18
-240, 169, 511, 133, 47, 511, -245, 18
-123, 184, 495, 133, 47, 511, -245, 18
-41, 169, 446, 133, 47, 511, -245, 18
15, 158, 387, 133, 47, 511, -245, 18
60, 158, 316, 133, 47, 511, -245, 18
72, 140, 240, 133, 47, 511, -245, 18
87, 139, 182, 133, 47, 511, -245, 18
98, 131, 115, 133, 47, 511, -245, 18
85, 114, 45, 133, 47, 511, -245, 18
87, 118, 1, 133, 47, 511, -245, 18
98, 125, -20, 133, 47, 511, -245, 18
128, 113, -12, 133, 47, 511, -245, 18
159, 72, 18, 133, 47, 511, -245, 18
160, 29, 62, 133, 47, 511, -245, 18
131, 3, 131, 133, 47, 511, -245, 18
74, 13, 230, 133, 47, 511, -245, 18
29, 54, 340, 133, 47, 511, -245, 18
3, 86, 432, 133, 47, 511, -245, 18
-41, 83, 491, 133, 47, 511, -245, 18
-106, 32, 511, 133, 47, 511, -245, 18
-189, -28, 511, 133, 47, 511, -245, 18
-249, -80, 487, 133, 47, 511, -245, 18
-251, -113, 413, 133, 47, 511, -245, 18
-206, -107, 312, 133, 47, 511, -245, 18
-146, -89, 197, 133, 47, 511, -245, 18
-102, -66, 99, 133, 47, 511, -245, 18
-78, -42, 44, 133, 47, 511, -245, 18
-67, -34, 10, 133, 47, 511, -245, 18
-66, -44, -16, 133, 47, 511, -245, 18
-75, -64, -36, 133, 47, 511, -245, 18
-85, -89, -47, 133, 47, 511, -245, 18
-92, -107, -60, 133, 47, 511, -245, 18
-100, -105, -82, 133, 47, 511, -245, 18
-108, -94, -113, 133, 47, 511, -245, 18
-115, -80, -131, 133, 47, 511, -245, 18
-132, -57, -117, 133, 47, 511, -245, 18
-152, -30, -57, 133, 47, 511, -245, 18
-163, 2, 48, 133, 47, 511, -245, 18
-200, 36, 205, 133, 47, 511, -245, 18
-237, 61, 340, 133, 47, 511, -245, 18
-259, 91, 443, 133, 47, 511, -245, 18
-272, 152, 511, 133, 47, 511, -245, 18
-240, 213, 511, 133, 47, 511, -245, 18
-166, 252, 483, 133, 47, 511, -245, 18
-85, 256, 426, 133, 47, 511, -245, 18
16, 225, 340, 133, 47, 511, -245, 18
88, 186, 231, 133, 47, 511, -245, 18
114, 151, 136, 133, 47, 511, -245, 18
123, 119, 69, 133, 47, 511, -245, 18
107, 78, 29, 133, 47, 511, -245, 18
103, 39, 6, 133, 47, 511, -245, 18
116, 16, -6, 133, 47, 511, -245, 18
137, 0, -16, 133, 47, 511, -245, 18
150, -17, -8, 133, 47, 511, -245, 18
160, -35, 42, 133, 47, 511, -245, 18
179, -55, 138, 133, 47, 511, -245, 18
216, -99, 273, 133, 47, 511, -245, 18
238, -189, 391, 133, 47, 511, -245, 18
202, -273, 473, 133, 47, 511, -245, 18
105, -322, 511, 133, 47, 511, -245, 18
-42, -316, 511, 133, 47, 511, -245, 18
-183, -246, 480, 133, 47, 511, -245, 18
-259, -169, 401, 133, 47, 511, -245, 18
-278, -115, 289, 133, 47, 511, -245, 18
-252, -82, 162, 133, 47, 511, -245, 18
-204, -59, 62, 133, 47, 511, -245, 18
-158, -40, 6, 133, 47, 511, -245, 18
-125, -33, -20, 133, 47, 511, -245, 18
-112, -42, -33, 133, 47, 511, -245, 18
-121, -59, -45, 133, 47, 511, -245, 18
-134, -78, -54, 133, 47, 511, -245, 18
-142, -84, -59, 133, 47, 511, -245, 18
-147, -72, -65, 133, 47, 511, -245, 18
-147, -46, -74, 133, 47, 511, -245, 18
-156, -24, -80, 133, 47, 511, -245, 18
-175, -15, -72, 133, 47, 511, -245, 18
-197, -10, -38, 133, 47, 511, -245, 18
-237, -3, 51, 133, 47, 511, -245, 18
-256, 9, 174, 133, 47, 511, -245, 18
-256, 27, 310, 133, 47, 511, -245, 18
-257, 22, 422, 133, 47, 511, -245, 18
-234, 1, 484, 133, 47, 511, -245, 18
-190, -10, 511, 133, 47, 511, -245, 18
-128, -6, 486, 133, 47, 511, -245, 18
-50, 20, 416, 133, 47, 511, -245, 18
27, 60, 330, 133, 47, 511, -245, 18
75, 89, 235, 133, 47, 511, -245, 18
92, 94, 150, 133, 47, 511, -245, 18
99, 85, 102, 133, 47, 511, -245, 18
104, 63, 65, 133, 47, 511, -245, 18
113, 31, 37, 133, 47, 511, -245, 18
127, 8, 26, 133, 47, 511, -245, 18
140, 1, 29, 133, 47, 511, -245, 18
152, 10, 51, 133, 47, 511, -245, 18
154, 30, 98, 133, 47, 511, -245, 18
147, 46, 170, 133, 47, 511, -245, 18
136, 48, 269, 133, 47, 511, -245, 18
121, 45, 370, 133, 47, 511, -245, 18
110, 29, 446, 133, 47, 511, -245, 18
78, 1, 495, 133, 47, 511, -245, 18
10, -40, 511, 133, 47, 511, -245, 18
-79, -108, 511, 133, 47, 511, -245, 18
-169, -167, 511, 133, 47, 511, -245, 18
-226, -204, 461, 133, 47, 511, -245, 18
-233, -211, 358, 133, 47, 511, -245, 18
-202, -175, 227, 133, 47, 511, -245, 18
-158, -125, 85, 133, 47, 511, -245, 18
-117, -79, -8, 133, 47, 511, -245, 18
-93, -44, -51, 133, 47, 511, -245, 18
-91, -25, -66, 133, 47, 511, -245, 18
-110, -20, -70, 133, 47, 511, -245, 18
-141, -21, -71, 133, 47, 511, -245, 18
-159, -16, -77, 133, 47, 511, -245, 18
-164, 0, -91, 133, 47, 511, -245, 18
-156, 20, -108, 133, 47, 511, -245, 18
-138, 32, -112, 133, 47, 511, -245, 18
-122, 23, -75, 133, 47, 511, -245, 18
-120, 3, 2, 133, 47, 511, -245, 18
-121, -18, 147, 133, 47, 511, -245, 18
-116, -17, 296, 133, 47, 511, -245, 18
-117, -9, 410, 133, 47, 511, -245, 18
-111, -13, 493, 133, 47, 511, -245, 18
-94, -16, 511, 133, 47, 511, -245, 18
-78, -14, 486, 133, 47, 511, -245, 18
-62, 10, 412, 133, 47, 511, -245, 18
-38, 62, 312, 133, 47, 511, -245, 18
-17, 113, 197, 133, 47, 511, -245, 18
2, 142, 98, 133, 47, 511, -245, 18
26, 145, 51, 133, 47, 511, -245, 18
53, 129, 32, 133, 47, 511, -245, 18
76, 100, 31, 133, 47, 511, -245, 18
94, 72, 46, 133, 47, 511, -245, 18
99, 55, 60, 133, 47, 511, -245, 18
95, 42, 76, 133, 47, 511, -245, 18
97, 27, 89, 133, 47, 511, -245, 18
99, -8, 109, 133, 47, 511, -245, 18
89, -47, 166, 133, 47, 511, -245, 18
60, -63, 270, 133, 47, 511, -245, 18
27, -48, 372, 133, 47, 511, -245, 18
-23, -11, 462, 133, 47, 511, -245, 18
-75, 16, 511, 133, 47, 511, -245, 18
-113, -18, 511, 133, 47, 511, -245, 18
-160, -82, 511, 133, 47, 511, -245, 18
-194, -145, 495, 133, 47, 511, -245, 18
-205, -180, 438, 133, 47, 511, -245, 18
-202, -160, 348, 133, 47, 511, -245, 18
-183, -115, 237, 133, 47, 511, -245, 18
-148, -75, 134, 133, 47, 511, -245, 18
-115, -51, 67, 133, 47, 511, -245, 18
-93, -46, 25, 133, 47, 511, -245, 18
-90, -55, -4, 133, 47, 511, -245, 18
-110, -66, -24, 133, 47, 511, -245, 18
-144, -80, -32, 133, 47, 511, -245, 18
-174, -93, -26, 133, 47, 511, -245, 18
-181, -88, -27, 133, 47, 511, -245, 18
-164, -65, -49, 133, 47, 511, -245, 18
-132, -29, -93, 133, 47, 511, -245, 18
-99, 6, -145, 133, 47, 511, -245, 18
-78, 18, -177, 133, 47, 511, -245, 18
-81, 23, -160, 133, 47, 511, -245, 18
-105, 31, -59, 133, 47, 511, -245, 18
-157, 44, 120, 133, 47, 511, -245, 18
-217, 52, 292, 133, 47, 511, -245, 18
-261, 62, 435, 133, 47, 511, -245, 18
-265, 85, 511, 133, 47, 511, -245, 18
-211, 113, 505, 133, 47, 511, -245, 18
-130, 152, 452, 133, 47, 511, -245, 18
-44, 179, 386, 133, 47, 511, -245, 18
27, 171, 302, 133, 47, 511, -245, 18
73, 146, 206, 133, 47, 511, -245, 18
97, 123, 144, 133, 47, 511, -245, 18
103, 97, 93, 133, 47, 511, -245, 18
102, 83, 63, 133, 47, 511, -245, 18
100, 74, 47, 133, 47, 511, -245, 18
103, 60, 36, 133, 47, 511, -245, 18
92, 70, 55, 133, 47, 511, -245, 18
111, 58, 38, 133, 47, 511, -245, 18
126, 41, 9, 133, 47, 511, -245, 18
99, -9, 113, 174, 42, 511, -162, 28
73, -19, 226, 174, 42, 511, -162, 28
46, -19, 339, 174, 42, 511, -162, 28
13, -23, 431, 174, 42, 511, -162, 28
-55, -29, 479, 174, 42, 511, -162, 28
-157, -39, 496, 174, 42, 511, -162, 28
-258, -71, 501, 174, 42, 511, -162, 28
-317, -87, 453, 174, 42, 511, -162, 28
-312, -85, 373, 174, 42, 511, -162, 28
-252, -69, 281, 174, 42, 511, -162, 28
-176, -34, 190, 174, 42, 511, -162, 28
-119, -13, 143, 174, 42, 511, -162, 28
-78, -26, 114, 174, 42, 511, -162, 28
-51, -70, 97, 174, 42, 511, -162, 28
-38, -118, 93, 174, 42, 511, -162, 28
-33, -140, 100, 174, 42, 511, -162, 28
-32, -129, 110, 174, 42, 511, -162, 28
-29, -95, 107, 174, 42, 511, -162, 28
-24, -61, 80, 174, 42, 511, -162, 28
-25, -42, 34, 174, 42, 511, -162, 28
-35, -31, -4, 174, 42, 511, -162, 28
-58, -14, -11, 174, 42, 511, -162, 28
-98, 8, 15, 174, 42, 511, -162, 28
-145, 17, 63, 174, 42, 511, -162, 28
-177, 13, 129, 174, 42, 511, -162, 28
-209, 8, 210, 174, 42, 511, -162, 28
-234, 6, 306, 174, 42, 511, -162, 28
-250, 19, 399, 174, 42, 511, -162, 28
-266, 42, 469, 174, 42, 511, -162, 28
-255, 59, 506, 174, 42, 511, -162, 28
-215, 67, 470, 174, 42, 511, -162, 28
-160, 75, 405, 174, 42, 511, -162, 28
-98, 87, 333, 174, 42, 511, -162, 28
-47, 91, 260, 174, 42, 511, -162, 28
-11, 90, 237, 174, 42, 511, -162, 28
23, 78, 221, 174, 42, 511, -162, 28
58, 57, 186, 174, 42, 511, -162, 28
98, 43, 135, 174, 42, 511, -162, 28
142, 28, 66, 174, 42, 511, -162, 28
176, 16, 22, 174, 42, 511, -162, 28
195, 5, 20, 174, 42, 511, -162, 28
195, -4, 45, 174, 42, 511, -162, 28
185, -7, 92, 174, 42, 511, -162, 28
179, -6, 157, 174, 42, 511, -162, 28
170, -13, 241, 174, 42, 511, -162, 28
153, -27, 339, 174, 42, 511, -162, 28
127, -38, 426, 174, 42, 511, -162, 28
77, -64, 486, 174, 42, 511, -162, 28
9, -84, 511, 174, 42, 511, -162, 28
-52, -89, 480, 174, 42, 511, -162, 28
-91, -79, 421, 174, 42, 511, -162, 28
-99, -51, 339, 174, 42, 511, -162, 28
-78, -28, 236, 174, 42, 511, -162, 28
-50, -31, 147, 174, 42, 511, -162, 28
-34, -58, 79, 174, 42, 511, -162, 28
-37, -81, 28, 174, 42, 511, -162, 28
-47, -81, -5, 174, 42, 511, -162, 28
-65, -55, -18, 174, 42, 511, -162, 28
-86, -12, -26, 174, 42, 511, -162, 28
-106, 30, -35, 174, 42, 511, -162, 28
-127, 55, -38, 174, 42, 511, -162, 28
-143, 52, -27, 174, 42, 511, -162, 28
-153, 24, 11, 174, 42, 511, -162, 28
-162, -12, 83, 174, 42, 511, -162, 28
-179, -36, 185, 174, 42, 511, -162, 28
-174, -32, 307, 174, 42, 511, -162, 28
-164, -8, 404, 174, 42, 511, -162, 28
-153, 16, 474, 174, 42, 511, -162, 28
-132, 35, 511, 174, 42, 511, -162, 28
-112, 38, 511, 174, 42, 511, -162, 28
-80, 27, 470, 174, 42, 511, -162, 28
-40, 21, 408, 174, 42, 511, -162, 28
5, 20, 328, 174, 42, 511, -162, 28
36, 26, 226, 174, 42, 511, -162, 28
45, 54, 165, 174, 42, 511, -162, 28
51, 80, 120, 174, 42, 511, -162, 28
57, 90, 89, 174, 42, 511, -162, 28
68, 86, 79, 174, 42, 511, -162, 28
89, 69, 76, 174, 42, 511, -162, 28
113, 57, 91, 174, 42, 511, -162, 28
145, 41, 117, 174, 42, 511, -162, 28
174, 19, 174, 174, 42, 511, -162, 28
187, -2, 258, 174, 42, 511, -162, 28
181, -21, 351, 174, 42, 511, -162, 28
152, -39, 432, 174, 42, 511, -162, 28
99, -49, 488, 174, 42, 511, -162, 28
29, -56, 508, 174, 42, 511, -162, 28
-62, -56, 508, 174, 42, 511, -162, 28
-147, -33, 496, 174, 42, 511, -162, 28
-201, 5, 463, 174, 42, 511, -162, 28
-210, 33, 408, 174, 42, 511, -162, 28
-169, 47, 335, 174, 42, 511, -162, 28
-113, 49, 259, 174, 42, 511, -162, 28
-59, 46, 185, 174, 42, 511, -162, 28
-19, 43, 120, 174, 42, 511, -162, 28
2, 26, 66, 174, 42, 511, -162, 28
7, -9, 21, 174, 42, 511, -162, 28
-6, -51, -13, 174, 42, 511, -162, 28
-34, -83, -35, 174, 42, 511, -162, 28
-68, -97, -46, 174, 42, 511, -162, 28
-99, -91, -54, 174, 42, 511, -162, 28
-127, -75, -67, 174, 42, 511, -162, 28
-151, -58, -84, 174, 42, 511, -162, 28
-172, -41, -83, 174, 42, 511, -162, 28
-206, -15, -29, 174, 42, 511, -162, 28
-243, 20, 122, 174, 42, 511, -162, 28
-256, 54, 280, 174, 42, 511, -162, 28
-256, 112, 417, 174, 42, 511, -162, 28
-249, 167, 507, 174, 42, 511, -162, 28
-227, 195, 511, 174, 42, 511, -162, 28
-197, 199, 498, 174, 42, 511, -162, 28
-156, 171, 431, 174, 42, 511, -162, 28
-96, 135, 337, 174, 42, 511, -162, 28
-31, 118, 231, 174, 42, 511, -162, 28
10, 111, 127, 174, 42, 511, -162, 28
28, 101, 75, 174, 42, 511, -162, 28
32, 85, 47, 174, 42, 511, -162, 28
30, 63, 31, 174, 42, 511, -162, 28
38, 45, 29, 174, 42, 511, -162, 28
58, 28, 35, 174, 42, 511, -162, 28
87, 10, 50, 174, 42, 511, -162, 28
127, -4, 75, 174, 42, 511, -162, 28
169, -12, 124, 174, 42, 511, -162, 28
203, -8, 198, 174, 42, 511, -162, 28
219, 2, 283, 174, 42, 511, -162, 28
215, 1, 363, 174, 42, 511, -162, 28
196, -14, 418, 174, 42, 511, -162, 28
134, -56, 456, 174, 42, 511, -162, 28
-3, -96, 479, 174, 42, 511, -162, 28
-177, -124, 497, 174, 42, 511, -162, 28
-345, -116, 491, 174, 42, 511, -162, 28
-443, -68, 451, 174, 42, 511, -162, 28
-415, -30, 379, 174, 42, 511, -162, 28
-322, 3, 285, 174, 42, 511, -162, 28
-214, 20, 198, 174, 42, 511, -162, 28
-127, 18, 123, 174, 42, 511, -162, 28
-81, 18, 77, 174, 42, 511, -162, 28
-68, 16, 62, 174, 42, 511, -162, 28
-73, 9, 59, 174, 42, 511, -162, 28
-90, 1, 41, 174, 42, 511, -162, 28
-103, 3, 2, 174, 42, 511, -162, 28
-103, 13, -54, 174, 42, 511, -162, 28
-101, 17, -111, 174, 42, 511, -162, 28
-106, 12, -130, 174, 42, 511, -162, 28
-129, -6, -102, 174, 42, 511, -162, 28
-158, -28, -36, 174, 42, 511, -162, 28
-181, -34, 56, 174, 42, 511, -162, 28
-180, -25, 169, 174, 42, 511, -162, 28
-154, -6, 289, 174, 42, 511, -162, 28
-122, -4, 389, 174, 42, 511, -162, 28
-80, -19, 463, 174, 42, 511, -162, 28
-34, -21, 502, 174, 42, 511, -162, 28
-1, -1, 503, 174, 42, 511, -162, 28
23, 57, 455, 174, 42, 511, -162, 28
28, 136, 374, 174, 42, 511, -162, 28
21, 194, 276, 174, 42, 511, -162, 28
16, 210, 180, 174, 42, 511, -162, 28
16, 189, 126, 174, 42, 511, -162, 28
19, 141, 103, 174, 42, 511, -162, 28
20, 89, 95, 174, 42, 511, -162, 28
29, 51, 93, 174, 42, 511, -162, 28
44, 28, 100, 174, 42, 511, -162, 28
63, 16, 125, 174, 42, 511, -162, 28
88, 8, 164, 174, 42, 511, -162, 28
98, 1, 212, 174, 42, 511, -162, 28
98, -4, 272, 174, 42, 511, -162, 28
92, -5, 339, 174, 42, 511, -162, 28
90, -5, 407, 174, 42, 511, -162, 28
91, -7, 464, 174, 42, 511, -162, 28
72, -15, 498, 174, 42, 511, -162, 28
16, -42, 511, 174, 42, 511, -162, 28
-86, -78, 511, 174, 42, 511, -162, 28
-197, -102, 494, 174, 42, 511, -162, 28
-268, -104, 424, 174, 42, 511, -162, 28
-270, -84, 317, 174, 42, 511, -162, 28
-221, -58, 186, 174, 42, 511, -162, 28
-148, -46, 59, 174, 42, 511, -162, 28
-88, -53, -24, 174, 42, 511, -162, 28
-64, -71, -71, 174, 42, 511, -162, 28
-60, -86, -86, 174, 42, 511, -162, 28
-68, -90, -86, 174, 42, 511, -162, 28
-79, -81, -79, 174, 42, 511, -162, 28
-80, -59, -82, 174, 42, 511, -162, 28
-74, -25, -104, 174, 42, 511, -162, 28
-71, 13, -137, 174, 42, 511, -162, 28
-82, 42, -162, 174, 42, 511, -162, 28
-108, 42, -154, 174, 42, 511, -162, 28
-149, 17, -73, 174, 42, 511, -162, 28
-199, -14, 80, 174, 42, 511, -162, 28
-258, -36, 253, 174, 42, 511, -162, 28
-292, -32, 402, 174, 42, 511, -162, 28
-301, -18, 488, 174, 42, 511, -162, 28
-275, -35, 511, 174, 42, 511, -162, 28
-208, -42, 511, 174, 42, 511, -162, 28
-145, -37, 489, 174, 42, 511, -162, 28
-88, -12, 419, 174, 42, 511, -162, 28
-45, 53, 329, 174, 42, 511, -162, 28
-53, 29, 423, 174, 42, 511, -162, 28
-33, 90, 232, 174, 42, 511, -162, 28
-6, 149, 152, 174, 42, 511, -162, 28
39, 107, 51, 135, 46, 511, -240, 37
52, 80, 34, 135, 46, 511, -240, 37
68, 59, 31, 135, 46, 511, -240, 37
91, 44, 39, 135, 46, 511, -240, 37
123, 31, 60, 135, 46, 511, -240, 37
163, 25, 108, 135, 46, 511, -240, 37
200, 21, 188, 135, 46, 511, -240, 37
212, 12, 292, 135, 46, 511, -240, 37
184, 2, 393, 135, 46, 511, -240, 37
106, -1, 463, 135, 46, 511, -240, 37
18, 5, 501, 135, 46, 511, -240, 37
-66, 12, 511, 135, 46, 511, -240, 37
-143, 15, 490, 135, 46, 511, -240, 37
-210, -10, 481, 135, 46, 511, -240, 37
-266, -65, 467, 135, 46, 511, -240, 37
-288, -120, 424, 135, 46, 511, -240, 37
-262, -155, 368, 135, 46, 511, -240, 37
-199, -160, 274, 135, 46, 511, -240, 37
-131, -133, 168, 135, 46, 511, -240, 37
-82, -94, 83, 135, 46, 511, -240, 37
-57, -67, 34, 135, 46, 511, -240, 37
-45, -54, 17, 135, 46, 511, -240, 37
-51, -50, 15, 135, 46, 511, -240, 37
-61, -44, 16, 135, 46, 511, -240, 37
-75, -39, 2, 135, 46, 511, -240, 37
-94, -30, -30, 135, 46, 511, -240, 37
-109, -18, -65, 135, 46, 511, -240, 37
-128, -17, -84, 135, 46, 511, -240, 37
-147, -18, -60, 135, 46, 511, -240, 37
-162, -14, 0, 135, 46, 511, -240, 37
-180, 0, 99, 135, 46, 511, -240, 37
-187, 32, 229, 135, 46, 511, -240, 37
-192, 68, 345, 135, 46, 511, -240, 37
-190, 86, 437, 135, 46, 511, -240, 37
-159, 89, 495, 135, 46, 511, -240, 37
-114, 76, 497, 135, 46, 511, -240, 37
-53, 65, 442, 135, 46, 511, -240, 37
9, 73, 364, 135, 46, 511, -240, 37
58, 87, 264, 135, 46, 511, -240, 37
80, 96, 162, 135, 46, 511, -240, 37
105, 106, 101, 135, 46, 511, -240, 37
110, 88, 66, 135, 46, 511, -240, 37
109, 57, 55, 135, 46, 511, -240, 37
118, 35, 65, 135, 46, 511, -240, 37
108, 13, 85, 135, 46, 511, -240, 37
113, 9, 117, 135, 46, 511, -240, 37
122, 11, 163, 135, 46, 511, -240, 37
129, 4, 212, 135, 46, 511, -240, 37
138, -14, 244, 135, 46, 511, -240, 37
147, -32, 269, 135, 46, 511, -240, 37
152, -51, 308, 135, 46, 511, -240, 37
146, -92, 344, 135, 46, 511, -240, 37
111, -149, 404, 135, 46, 511, -240, 37
14, -179, 459, 135, 46, 511, -240, 37
-126, -153, 485, 135, 46, 511, -240, 37
-244, -60, 508, 135, 46, 511, -240, 37
-299, 49, 490, 135, 46, 511, -240, 37
-275, 104, 433, 135, 46, 511, -240, 37
-194, 91, 348, 135, 46, 511, -240, 37
-120, 32, 250, 135, 46, 511, -240, 37
-79, -17, 166, 135, 46, 511, -240, 37
-62, -32, 102, 135, 46, 511, -240, 37
-62, -24, 38, 135, 46, 511, -240, 37
-77, -5, -33, 135, 46, 511, -240, 37
-102, 8, -93, 135, 46, 511, -240, 37
-136, 12, -131, 135, 46, 511, -240, 37
-174, 13, -159, 135, 46, 511, -240, 37
-218, 8, -181, 135, 46, 511, -240, 37
-253, -13, -195, 135, 46, 511, -240, 37
-264, -60, -182, 135, 46, 511, -240, 37
-250, -137, -104, 135, 46, 511, -240, 37
-212, -204, 87, 135, 46, 511, -240, 37
-175, -194, 265, 135, 46, 511, -240, 37
-149, -96, 411, 135, 46, 511, -240, 37
-133, 51, 511, 135, 46, 511, -240, 37
-115, 183, 511, 135, 46, 511, -240, 37
-85, 241, 488, 135, 46, 511, -240, 37
-50, 218, 430, 135, 46, 511, -240, 37
-11, 158, 355, 135, 46, 511, -240, 37
27, 104, 262, 135, 46, 511, -240, 37
63, 65, 172, 135, 46, 511, -240, 37
95, 40, 101, 135, 46, 511, -240, 37
121, 23, 42, 135, 46, 511, -240, 37
139, 2, 2, 135, 46, 511, -240, 37
150, -13, -14, 135, 46, 511, -240, 37
158, -15, -3, 135, 46, 511, -240, 37
168, -19, 20, 135, 46, 511, -240, 37
177, -35, 49, 135, 46, 511, -240, 37
169, -60, 94, 135, 46, 511, -240, 37
132, -61, 190, 135, 46, 511, -240, 37
98, -41, 302, 135, 46, 511, -240, 37
69, -18, 400, 135, 46, 511, -240, 37
18, 16, 481, 135, 46, 511, -240, 37
-53, 41, 503, 135, 46, 511, -240, 37
-169, 52, 503, 135, 46, 511, -240, 37
-294, 74, 508, 135, 46, 511, -240, 37
-367, 75, 494, 135, 46, 511, -240, 37
-368, 45, 436, 135, 46, 511, -240, 37
-314, 9, 342, 135, 46, 511, -240, 37
-242, -18, 230, 135, 46, 511, -240, 37
-184, -28, 130, 135, 46, 511, -240, 37
-150, -29, 74, 135, 46, 511, -240, 37
-146, -26, 40, 135, 46, 511, -240, 37
-150, -25, 1, 135, 46, 511, -240, 37
-147, -22, -46, 135, 46, 511, -240, 37
-137, -18, -102, 135, 46, 511, -240, 37
-117, -16, -147, 135, 46, 511, -240, 37
-102, -21, -168, 135, 46, 511, -240, 37
-102, -36, -157, 135, 46, 511, -240, 37
-114, -46, -104, 135, 46, 511, -240, 37
-123, -39, -20, 135, 46, 511, -240, 37
-135, -25, 81, 135, 46, 511, -240, 37
-141, -8, 197, 135, 46, 511, -240, 37
-147, 22, 314, 135, 46, 511, -240, 37
-163, 45, 402, 135, 46, 511, -240, 37
-165, 55, 473, 135, 46, 511, -240, 37
-143, 63, 511, 135, 46, 511, -240, 37
-95, 55, 511, 135, 46, 511, -240, 37
-31, 47, 473, 135, 46, 511, -240, 37
27, 56, 408, 135, 46, 511, -240, 37
60, 74, 324, 135, 46, 511, -240, 37
72, 86, 222, 135, 46, 511, -240, 37
72, 90, 144, 135, 46, 511, -240, 37
63, 83, 87, 135, 46, 511, -240, 37
52, 73, 43, 135, 46, 511, -240, 37
49, 67, 14, 135, 46, 511, -240, 37
57, 63, -6, 135, 46, 511, -240, 37
79, 59, -24, 135, 46, 511, -240, 37
109, 53, -28, 135, 46, 511, -240, 37
136, 42, -3, 135, 46, 511, -240, 37
155, 30, 61, 135, 46, 511, -240, 37
169, 16, 161, 135, 46, 511, -240, 37
199, 0, 273, 135, 46, 511, -240, 37
216, -29, 379, 135, 46, 511, -240, 37
164, -60, 452, 135, 46, 511, -240, 37
55, -85, 492, 135, 46, 511, -240, 37
-99, -114, 511, 135, 46, 511, -240, 37
-240, -123, 511, 135, 46, 511, -240, 37
-290, -129, 473, 135, 46, 511, -240, 37
-263, -135, 394, 135, 46, 511, -240, 37
-194, -123, 293, 135, 46, 511, -240, 37
-117, -108, 185, 135, 46, 511, -240, 37
-57, -94, 116, 135, 46, 511, -240, 37
-27, -84, 87, 135, 46, 511, -240, 37
-18, -88, 73, 135, 46, 511, -240, 37
-19, -91, 57, 135, 46, 511, -240, 37
-26, -82, 26, 135, 46, 511, -240, 37
-34, -62, -18, 135, 46, 511, -240, 37
-44, -31, -75, 135, 46, 511, -240, 37
-61, -3, -136, 135, 46, 511, -240, 37
-71, 8, -186, 135, 46, 511, -240, 37
-82, -1, -221, 135, 46, 511, -240, 37
-100, -14, -240, 135, 46, 511, -240, 37
-138, -30, -224, 135, 46, 511, -240, 37
-205, -33, -129, 135, 46, 511, -240, 37
-269, -23, 58, 135, 46, 511, -240, 37
-309, -53, 248, 135, 46, 511, -240, 37
-312, -75, 418, 135, 46, 511, -240, 37
-266, -55, 511, 135, 46, 511, -240, 37
-200, -10, 511, 135, 46, 511, -240, 37
-147, 68, 450, 135, 46, 511, -240, 37
-100, 129, 374, 135, 46, 511, -240, 37
-68, 140, 289, 135, 46, 511, -240, 37
-59, 129, 187, 135, 46, 511, -240, 37
-31, 121, 129, 135, 46, 511, -240, 37
3, 108, 79, 135, 46, 511, -240, 37
40, 75, 36, 135, 46, 511, -240, 37
100, 31, 22, 135, 46, 511, -240, 37
158, 0, 57, 135, 46, 511, -240, 37
222, -2, 120, 135, 46, 511, -240, 37
289, 19, 199, 135, 46, 511, -240, 37
334, 38, 273, 135, 46, 511, -240, 37
350, 35, 311, 135, 46, 511, -240, 37
327, 14, 323, 135, 46, 511, -240, 37
266, -15, 340, 135, 46, 511, -240, 37
191, -50, 382, 135, 46, 511, -240, 37
91, -97, 427, 135, 46, 511, -240, 37
-32, -134, 480, 135, 46, 511, -240, 37
-158, -168, 511, 135, 46, 511, -240, 37
-273, -199, 511, 135, 46, 511, -240, 37
-316, -210, 511, 135, 46, 511, -240, 37
-284, -206, 469, 135, 46, 511, -240, 37
-218, -176, 386, 135, 46, 511, -240, 37
-139, -122, 282, 135, 46, 511, -240, 37
-87, -70, 176, 135, 46, 511, -240, 37
-66, -49, 109, 135, 46, 511, -240, 37
-59, -66, 76, 135, 46, 511, -240, 37
-64, -97, 44, 135, 46, 511, -240, 37
-78, -121, -9, 135, 46, 511, -240, 37
-93, -122, -76, 135, 46, 511, -240, 37
-98, -104, -143, 135, 46, 511, -240, 37
-93, -81, -197, 135, 46, 511, -240, 37
-89, -64, -228, 135, 46, 511, -240, 37
-94, -64, -233, 135, 46, 511, -240, 37
-110, -69, -209, 135, 46, 511, -240, 37
-151, -66, -160, 135, 46, 511, -240, 37
-207, -46, -70, 135, 46, 511, -240, 37
-149, -82, -130, 135, 46, 511, -240, 37
-238, -34, -54, 135, 46, 511, -240, 37
-314, 21, 114, 135, 46, 511, -240, 37
-412, -133, 472, 178, 41, 511, -154, 46
-333, -125, 511, 178, 41, 511, -154, 46
-185, -72, 508, 178, 41, 511, -154, 46
-14, 6, 473, 178, 41, 511, -154, 46
98, 64, 424, 178, 41, 511, -154, 46
165, 70, 363, 178, 41, 511, -154, 46
181, 55, 280, 178, 41, 511, -154, 46
168, 45, 210, 178, 41, 511, -154, 46
162, 66, 147, 178, 41, 511, -154, 46
149, 89, 86, 178, 41, 511, -154, 46
159, 118, 49, 178, 41, 511, -154, 46
172, 131, 37, 178, 41, 511, -154, 46
170, 115, 43, 178, 41, 511, -154, 46
167, 96, 92, 178, 41, 511, -154, 46
151, 72, 166, 178, 41, 511, -154, 46
127, 46, 253, 178, 41, 511, -154, 46
103, 28, 358, 178, 41, 511, -154, 46
88, 6, 430, 178, 41, 511, -154, 46
70, -5, 478, 178, 41, 511, -154, 46
17, -8, 509, 178, 41, 511, -154, 46
-87, -6, 511, 178, 41, 511, -154, 46
-214, 3, 511, 178, 41, 511, -154, 46
-312, -3, 511, 178, 41, 511, -154, 46
-337, -19, 445, 178, 41, 511, -154, 46
-291, -37, 331, 178, 41, 511, -154, 46
-207, -56, 203, 178, 41, 511, -154, 46
-144, -76, 75, 178, 41, 511, -154, 46
-117, -98, 1, 178, 41, 511, -154, 46
-102, -119, -38, 178, 41, 511, -154, 46
-97, -130, -74, 178, 41, 511, -154, 46
-94, -124, -111, 178, 41, 511, -154, 46
-89, -104, -139, 178, 41, 511, -154, 46
-89, -83, -153, 178, 41, 511, -154, 46
-98, -70, -154, 178, 41, 511, -154, 46
-111, -66, -137, 178, 41, 511, -154, 46
-127, -68, -101, 178, 41, 511, -154, 46
-145, -58, -39, 178, 41, 511, -154, 46
-169, -30, 42, 178, 41, 511, -154, 46
-190, 21, 170, 178, 41, 511, -154, 46
-192, 82, 302, 178, 41, 511, -154, 46
-191, 125, 408, 178, 41, 511, -154, 46
-184, 150, 489, 178, 41, 511, -154, 46
-162, 155, 511, 178, 41, 511, -154, 46
-131, 152, 510, 178, 41, 511, -154, 46
-82, 150, 462, 178, 41, 511, -154, 46
-22, 124, 391, 178, 41, 511, -154, 46
25, 86, 339, 178, 41, 511, -154, 46
42, 28, 306, 178, 41, 511, -154, 46
59, -9, 314, 178, 41, 511, -154, 46
64, -21, 308, 178, 41, 511, -154, 46
74, -7, 253, 178, 41, 511, -154, 46
95, 25, 166, 178, 41, 511, -154, 46
105, 33, 99, 178, 41, 511, -154, 46
124, 34, 96, 178, 41, 511, -154, 46
138, 16, 151, 178, 41, 511, -154, 46
153, -8, 232, 178, 41, 511, -154, 46
160, -28, 297, 178, 41, 511, -154, 46
165, -33, 336, 178, 41, 511, -154, 46
169, -28, 373, 178, 41, 511, -154, 46
150, -27, 412, 178, 41, 511, -154, 46
110, -23, 454, 178, 41, 511, -154, 46
49, -18, 496, 178, 41, 511, -154, 46
-30, -11, 511, 178, 41, 511, -154, 46
-99, 9, 499, 178, 41, 511, -154, 46
-147, 20, 450, 178, 41, 511, -154, 46
-171, 19, 370, 178, 41, 511, -154, 46
-170, 11, 281, 178, 41, 511, -154, 46
-150, 3, 198, 178, 41, 511, -154, 46
-116, -4, 140, 178, 41, 511, -154, 46
-85, -12, 100, 178, 41, 511, -154, 46
-62, -26, 58, 178, 41, 511, -154, 46
-49, -42, 12, 178, 41, 511, -154, 46
-45, -53, -23, 178, 41, 511, -154, 46
-45, -59, -39, 178, 41, 511, -154, 46
-46, -60, -34, 178, 41, 511, -154, 46
-53, -63, -19, 178, 41, 511, -154, 46
-69, -66, -7, 178, 41, 511, -154, 46
-87, -68, 0, 178, 41, 511, -154, 46
-112, -61, -1, 178, 41, 511, -154, 46
-140, -49, 19, 178, 41, 511, -154, 46
-165, -35, 90, 178, 41, 511, -154, 46
-203, -23, 220, 178, 41, 511, -154, 46
-234, -13, 347, 178, 41, 511, -154, 46
-244, -1, 452, 178, 41, 511, -154, 46
-224, 17, 511, 178, 41, 511, -154, 46
-165, 46, 502, 178, 41, 511, -154, 46
-85, 78, 476, 178, 41, 511, -154, 46
-12, 103, 431, 178, 41, 511, -154, 46
37, 120, 375, 178, 41, 511, -154, 46
57, 131, 315, 178, 41, 511, -154, 46
53, 128, 251, 178, 41, 511, -154, 46
62, 115, 198, 178, 41, 511, -154, 46
74, 98, 148, 178, 41, 511, -154, 46
90, 75, 103, 178, 41, 511, -154, 46
114, 60, 68, 178, 41, 511, -154, 46
121, 61, 40, 178, 41, 511, -154, 46
119, 63, 37, 178, 41, 511, -154, 46
111, 58, 72, 178, 41, 511, -154, 46
100, 49, 146, 178, 41, 511, -154, 46
87, 40, 255, 178, 41, 511, -154, 46
79, 36, 364, 178, 41, 511, -154, 46
57, 33, 443, 178, 41, 511, -154, 46
8, 34, 493, 178, 41, 511, -154, 46
-72, 13, 511, 178, 41, 511, -154, 46
-159, -21, 511, 178, 41, 511, -154, 46
-216, -55, 511, 178, 41, 511, -154, 46
-225, -90, 461, 178, 41, 511, -154, 46
-192, -108, 371, 178, 41, 511, -154, 46
-140, -110, 261, 178, 41, 511, -154, 46
-94, -105, 146, 178, 41, 511, -154, 46
-63, -100, 76, 178, 41, 511, -154, 46
-42, -96, 39, 178, 41, 511, -154, 46
-29, -96, 11, 178, 41, 511, -154, 46
-21, -95, -20, 178, 41, 511, -154, 46
-18, -86, -55, 178, 41, 511, -154, 46
-17, -69, -88, 178, 41, 511, -154, 46
-21, -50, -114, 178, 41, 511, -154, 46
-31, -32, -128, 178, 41, 511, -154, 46
-49, -22, -125, 178, 41, 511, -154, 46
-73, -26, -112, 178, 41, 511, -154, 46
-99, -20, -95, 178, 41, 511, -154, 46
-128, 4, -64, 178, 41, 511, -154, 46
-169, 46, 88, 178, 41, 511, -154, 46
-207, 94, 235, 178, 41, 511, -154, 46
-236, 111, 382, 178, 41, 511, -154, 46
-237, 119, 511, 178, 41, 511, -154, 46
-190, 124, 511, 178, 41, 511, -154, 46
-128, 129, 461, 178, 41, 511, -154, 46
-69, 146, 382, 178, 41, 511, -154, 46
-29, 147, 287, 178, 41, 511, -154, 46
-9, 128, 181, 178, 41, 511, -154, 46
5, 103, 116, 178, 41, 511, -154, 46
24, 79, 76, 178, 41, 511, -154, 46
50, 58, 52, 178, 41, 511, -154, 46
79, 37, 42, 178, 41, 511, -154, 46
112, 17, 44, 178, 41, 511, -154, 46
151, 4, 61, 178, 41, 511, -154, 46
194, -7, 86, 178, 41, 511, -154, 46
230, -20, 123, 178, 41, 511, -154, 46
235, -54, 180, 178, 41, 511, -154, 46
191, -87, 256, 178, 41, 511, -154, 46
104, -99, 349, 178, 41, 511, -154, 46
-14, -81, 429, 178, 41, 511, -154, 46
-131, -27, 485, 178, 41, 511, -154, 46
-220, 23, 511, 178, 41, 511, -154, 46
-290, 32, 507, 178, 41, 511, -154, 46
-327, 3, 473, 178, 41, 511, -154, 46
-319, -34, 414, 178, 41, 511, -154, 46
-284, -59, 329, 178, 41, 511, -154, 46
-228, -61, 233, 178, 41, 511, -154, 46
-163, -42, 159, 178, 41, 511, -154, 46
-110, -33, 109, 178, 41, 511, -154, 46
-69, -44, 78, 178, 41, 511, -154, 46
-37, -65, 52, 178, 41, 511, -154, 46
-21, -89, 24, 178, 41, 511, -154, 46
-24, -99, -13, 178, 41, 511, -154, 46
-42, -87, -55, 178, 41, 511, -154, 46
-60, -56, -92, 178, 41, 511, -154, 46
-80, -17, -116, 178, 41, 511, -154, 46
-99, 19, -114, 178, 41, 511, -154, 46
-122, 44, -73, 178, 41, 511, -154, 46
-146, 60, -2, 178, 41, 511, -154, 46
-174, 70, 87, 178, 41, 511, -154, 46
-188, 77, 201, 178, 41, 511, -154, 46
-187, 85, 317, 178, 41, 511, -154, 46
-189, 77, 408, 178, 41, 511, -154, 46
-186, 62, 478, 178, 41, 511, -154, 46
-173, 58, 511, 178, 41, 511, -154, 46
-152, 58, 475, 178, 41, 511, -154, 46
-118, 76, 394, 178, 41, 511, -154, 46
-66, 96, 297, 178, 41, 511, -154, 46
-18, 96, 190, 178, 41, 511, -154, 46
19, 78, 104, 178, 41, 511, -154, 46
63, 58, 66, 178, 41, 511, -154, 46
99, 31, 42, 178, 41, 511, -154, 46
117, 9, 23, 178, 41, 511, -154, 46
146, 2, 17, 178, 41, 511, -154, 46
168, -11, 8, 178, 41, 511, -154, 46
182, -18, 13, 178, 41, 511, -154, 46
195, -21, 39, 178, 41, 511, -154, 46
180, -31, 87, 178, 41, 511, -154, 46
155, -20, 180, 178, 41, 511, -154, 46
124, -1, 296, 178, 41, 511, -154, 46
102, 7, 395, 178, 41, 511, -154, 46
78, 21, 475, 178, 41, 511, -154, 46
43, 23, 511, 178, 41, 511, -154, 46
10, 0, 511, 178, 41, 511, -154, 46
-34, -25, 510, 178, 41, 511, -154, 46
-70, -58, 466, 178, 41, 511, -154, 46
-92, -90, 389, 178, 41, 511, -154, 46
-108, -97, 288, 178, 41, 511, -154, 46
-110, -83, 178, 178, 41, 511, -154, 46
-110, -73, 119, 178, 41, 511, -154, 46
-114, -74, 113, 178, 41, 511, -154, 46
-122, -88, 138, 178, 41, 511, -154, 46
-128, -101, 166, 178, 41, 511, -154, 46
-131, -93, 164, 178, 41, 511, -154, 46
-142, -125, 206, 178, 41, 511, -154, 46
-120, -99, 176, 178, 41, 511, -154, 46
-129, -43, 96, 178, 41, 511, -154, 46
-146, -7, -74, 115, 49, 511, -281, 54
-141, -19, -122, 115, 49, 511, -281, 54
-145, -34, -159, 115, 49, 511, -281, 54
-171, -40, -199, 115, 49, 511, -281, 54
-217, -44, -216, 115, 49, 511, -281, 54
-289, -44, -91, 115, 49, 511, -281, 54
-361, -45, 87, 115, 49, 511, -281, 54
-410, -26, 282, 115, 49, 511, -281, 54
-405, 18, 462, 115, 49, 511, -281, 54
-326, 65, 511, 115, 49, 511, -281, 54
-213, 115, 489, 115, 49, 511, -281, 54
-98, 139, 424, 115, 49, 511, -281, 54
-8, 138, 360, 115, 49, 511, -281, 54
41, 133, 292, 115, 49, 511, -281, 54
65, 125, 236, 115, 49, 511, -281, 54
92, 111, 216, 115, 49, 511, -281, 54
120, 95, 184, 115, 49, 511, -281, 54
149, 79, 145, 115, 49, 511, -281, 54
179, 69, 111, 115, 49, 511, -281, 54
194, 66, 94, 115, 49, 511, -281, 54
195, 70, 105, 115, 49, 511, -281, 54
183, 61, 131, 115, 49, 511, -281, 54
161, 27, 164, 115, 49, 511, -281, 54
138, -25, 205, 115, 49, 511, -281, 54
122, -83, 254, 115, 49, 511, -281, 54
124, -129, 315, 115, 49, 511, -281, 54
116, -179, 387, 115, 49, 511, -281, 54
67, -224, 449, 115, 49, 511, -281, 54
-49, -263, 484, 115, 49, 511, -281, 54
-207, -274, 505, 115, 49, 511, -281, 54
-308, -235, 488, 115, 49, 511, -281, 54
-331, -168, 418, 115, 49, 511, -281, 54
-274, -92, 331, 115, 49, 511, -281, 54
-176, -37, 231, 115, 49, 511, -281, 54
-107, -11, 144, 115, 49, 511, -281, 54
-64, -16, 102, 115, 49, 511, -281, 54
-36, -46, 73, 115, 49, 511, -281, 54
-32, -85, 44, 115, 49, 511, -281, 54
-49, -103, -1, 115, 49, 511, -281, 54
-76, -79, -78, 115, 49, 511, -281, 54
-101, -30, -160, 115, 49, 511, -281, 54
-116, 11, -226, 115, 49, 511, -281, 54
-135, 17, -258, 115, 49, 511, -281, 54
-155, -15, -243, 115, 49, 511, -281, 54
-181, -47, -194, 115, 49, 511, -281, 54
-203, -46, -130, 115, 49, 511, -281, 54
-234, -12, -28, 115, 49, 511, -281, 54
-280, 53, 146, 115, 49, 511, -281, 54
-322, 137, 294, 115, 49, 511, -281, 54
-341, 181, 425, 115, 49, 511, -281, 54
-295, 190, 511, 115, 49, 511, -281, 54
-199, 163, 511, 115, 49, 511, -281, 54
-91, 106, 472, 115, 49, 511, -281, 54
-6, 78, 408, 115, 49, 511, -281, 54
40, 70, 320, 115, 49, 511, -281, 54
64, 78, 219, 115, 49, 511, -281, 54
79, 86, 157, 115, 49, 511, -281, 54
94, 77, 123, 115, 49, 511, -281, 54
114, 64, 115, 115, 49, 511, -281, 54
135, 51, 116, 115, 49, 511, -281, 54
154, 43, 113, 115, 49, 511, -281, 54
165, 45, 100, 115, 49, 511, -281, 54
163, 52, 83, 115, 49, 511, -281, 54
151, 53, 73, 115, 49, 511, -281, 54
129, 44, 85, 115, 49, 511, -281, 54
106, 25, 136, 115, 49, 511, -281, 54
89, 11, 228, 115, 49, 511, -281, 54
67, 7, 338, 115, 49, 511, -281, 54
13, 11, 430, 115, 49, 511, -281, 54
-86, 28, 489, 115, 49, 511, -281, 54
-214, 28, 511, 115, 49, 511, -281, 54
-327, 12, 511, 115, 49, 511, -281, 54
-367, -5, 469, 115, 49, 511, -281, 54
-329, -32, 374, 115, 49, 511, -281, 54
-246, -51, 248, 115, 49, 511, -281, 54
-159, -60, 108, 115, 49, 511, -281, 54
-104, -66, -5, 115, 49, 511, -281, 54
-82, -73, -72, 115, 49, 511, -281, 54
-84, -78, -108, 115, 49, 511, -281, 54
-102, -86, -125, 115, 49, 511, -281, 54
-116, -96, -130, 115, 49, 511, -281, 54
-121, -94, -131, 115, 49, 511, -281, 54
-120, -80, -141, 115, 49, 511, -281, 54
-119, -57, -150, 115, 49, 511, -281, 54
-138, -23, -130, 115, 49, 511, -281, 54
-165, 16, -78, 115, 49, 511, -281, 54
-192, 51, -9, 115, 49, 511, -281, 54
-218, 85, 112, 115, 49, 511, -281, 54
-223, 134, 251, 115, 49, 511, -281, 54
-209, 170, 363, 115, 49, 511, -281, 54
-181, 194, 465, 115, 49, 511, -281, 54
-143, 204, 511, 115, 49, 511, -281, 54
-99, 182, 511, 115, 49, 511, -281, 54
-56, 146, 461, 115, 49, 511, -281, 54
-17, 108, 363, 115, 49, 511, -281, 54
21, 78, 256, 115, 49, 511, -281, 54
40, 61, 168, 115, 49, 511, -281, 54
40, 58, 145, 115, 49, 511, -281, 54
45, 65, 163, 115, 49, 511, -281, 54
55, 56, 179, 115, 49, 511, -281, 54
77, 38, 161, 115, 49, 511, -281, 54
111, 26, 116, 115, 49, 511, -281, 54
140, 15, 78, 115, 49, 511, -281, 54
167, 11, 56, 115, 49, 511, -281, 54
195, 5, 61, 115, 49, 511, -281, 54
214, -12, 88, 115, 49, 511, -281, 54
212, -37, 129, 115, 49, 511, -281, 54
201, -59, 172, 115, 49, 511, -281, 54
190, -70, 208, 115, 49, 511, -281, 54
175, -80, 249, 115, 49, 511, -281, 54
139, -79, 326, 115, 49, 511, -281, 54
80, -61, 396, 115, 49, 511, -281, 54
-21, -36, 462, 115, 49, 511, -281, 54
-128, 5, 511, 115, 49, 511, -281, 54
-190, 41, 473, 115, 49, 511, -281, 54
-205, 51, 389, 115, 49, 511, -281, 54
-169, 45, 284, 115, 49, 511, -281, 54
-116, 23, 168, 115, 49, 511, -281, 54
-83, 1, 82, 115, 49, 511, -281, 54
-82, -9, 39, 115, 49, 511, -281, 54
-96, -18, 9, 115, 49, 511, -281, 54
-117, -29, -19, 115, 49, 511, -281, 54
-131, -35, -53, 115, 49, 511, -281, 54
-130, -30, -95, 115, 49, 511, -281, 54
-129, -13, -136, 115, 49, 511, -281, 54
-131, 6, -165, 115, 49, 511, -281, 54
-139, 14, -165, 115, 49, 511, -281, 54
-152, 9, -134, 115, 49, 511, -281, 54
-169, 8, -85, 115, 49, 511, -281, 54
-193, 20, 13, 115, 49, 511, -281, 54
-210, 50, 170, 115, 49, 511, -281, 54
-208, 72, 309, 115, 49, 511, -281, 54
-162, 62, 436, 115, 49, 511, -281, 54
-89, 41, 511, 115, 49, 511, -281, 54
-10, 25, 511, 115, 49, 511, -281, 54
45, 35, 455, 115, 49, 511, -281, 54
61, 73, 389, 115, 49, 511, -281, 54
62, 110, 336, 115, 49, 511, -281, 54
71, 126, 272, 115, 49, 511, -281, 54
96, 110, 249, 115, 49, 511, -281, 54
132, 77, 220, 115, 49, 511, -281, 54
167, 46, 165, 115, 49, 511, -281, 54
181, 27, 128, 115, 49, 511, -281, 54
178, 33, 117, 115, 49, 511, -281, 54
173, 53, 119, 115, 49, 511, -281, 54
166, 66, 129, 115, 49, 511, -281, 54
159, 67, 135, 115, 49, 511, -281, 54
146, 54, 151, 115, 49, 511, -281, 54
124, 38, 190, 115, 49, 511, -281, 54
108, 30, 243, 115, 49, 511, -281, 54
117, 24, 307, 115, 49, 511, -281, 54
129, 0, 382, 115, 49, 511, -281, 54
111, -37, 436, 115, 49, 511, -281, 54
29, -82, 480, 115, 49, 511, -281, 54
-110, -125, 511, 115, 49, 511, -281, 54
-238, -138, 511, 115, 49, 511, -281, 54
-307, -125, 482, 115, 49, 511, -281, 54
-295, -101, 406, 115, 49, 511, -281, 54
-229, -73, 295, 115, 49, 511, -281, 54
-159, -57, 157, 115, 49, 511, -281, 54
-108, -58, 32, 115, 49, 511, -281, 54
-76, -63, -49, 115, 49, 511, -281, 54
-68, -60, -95, 115, 49, 511, -281, 54
-81, -50, -124, 115, 49, 511, -281, 54
-107, -34, -155, 115, 49, 511, -281, 54
-140, -18, -203, 115, 49, 511, -281, 54
-174, -5, -259, 115, 49, 511, -281, 54
-202, 9, -281, 115, 49, 511, -281, 54
-226, 25, -205, 115, 49, 511, -281, 54
-229, 32, 0, 115, 49, 511, -281, 54
-208, 18, 214, 115, 49, 511, -281, 54
-170, -11, 401, 115, 49, 511, -281, 54
-115, -65, 511, 115, 49, 511, -281, 54
-65, -152, 511, 115, 49, 511, -281, 54
-15, -181, 511, 115, 49, 511, -281, 54
24, -148, 476, 115, 49, 511, -281, 54
52, -79, 412, 115, 49, 511, -281, 54
71, 19, 334, 115, 49, 511, -281, 54
84, 56, 244, 115, 49, 511, -281, 54
101, 30, 187, 115, 49, 511, -281, 54
114, -4, 196, 115, 49, 511, -281, 54
126, -16, 242, 115, 49, 511, -281, 54
135, 0, 289, 115, 49, 511, -281, 54
143, 36, 314, 115, 49, 511, -281, 54
150, 69, 281, 115, 49, 511, -281, 54
149, 93, 214, 115, 49, 511, -281, 54
140, 109, 143, 115, 49, 511, -281, 54
131, 105, 92, 115, 49, 511, -281, 54
123, 84, 74, 115, 49, 511, -281, 54
121, 56, 88, 115, 49, 511, -281, 54
113, 23, 146, 115, 49, 511, -281, 54
106, -12, 232, 115, 49, 511, -281, 54
109, -63, 337, 115, 49, 511, -281, 54
71, -126, 423, 115, 49, 511, -281, 54
7, -168, 479, 115, 49, 511, -281, 54
-75, -192, 510, 115, 49, 511, -281, 54
-161, -181, 511, 115, 49, 511, -281, 54
-173, -178, 511, 115, 49, 511, -281, 54
-227, -156, 511, 115, 49, 511, -281, 54
-213, -136, 511, 115, 49, 511, -281, 54
-124, -100, 155, 145, 45, 511, -220, 64
-109, -82, 58, 145, 45, 511, -220, 64
-97, -61, 14, 145, 45, 511, -220, 64
-98, -40, -1, 145, 45, 511, -220, 64
-107, -29, -6, 145, 45, 511, -220, 64
-115, -36, -20, 145, 45, 511, -220, 64
-122, -47, -49, 145, 45, 511, -220, 64
-125, -46, -88, 145, 45, 511, -220, 64
-128, -32, -129, 145, 45, 511, -220, 64
-137, -21, -159, 145, 45, 511, -220, 64
-152, -22, -171, 145, 45, 511, -220, 64
-168, -31, -155, 145, 45, 511, -220, 64
-197, -29, -113, 145, 45, 511, -220, 64
-220, -6, -29, 145, 45, 511, -220, 64
-235, 45, 139, 145, 45, 511, -220, 64
-236, 109, 289, 145, 45, 511, -220, 64
-201, 152, 421, 145, 45, 511, -220, 64
-137, 171, 511, 145, 45, 511, -220, 64
-63, 163, 511, 145, 45, 511, -220, 64
1, 145, 473, 145, 45, 511, -220, 64
44, 139, 403, 145, 45, 511, -220, 64
62, 140, 305, 145, 45, 511, -220, 64
60, 133, 186, 145, 45, 511, -220, 64
58, 117, 103, 145, 45, 511, -220, 64
57, 95, 54, 145, 45, 511, -220, 64
56, 73, 33, 145, 45, 511, -220, 64
73, 62, 29, 145, 45, 511, -220, 64
95, 50, 26, 145, 45, 511, -220, 64
118, 34, 21, 145, 45, 511, -220, 64
135, 20, 19, 145, 45, 511, -220, 64
133, 7, 27, 145, 45, 511, -220, 64
112, -2, 61, 145, 45, 511, -220, 64
72, -3, 155, 145, 45, 511, -220, 64
24, -6, 277, 145, 45, 511, -220, 64
-14, -31, 391, 145, 45, 511, -220, 64
-53, -78, 481, 145, 45, 511, -220, 64
-112, -151, 511, 145, 45, 511, -220, 64
-192, -237, 511, 145, 45, 511, -220, 64
-269, -289, 511, 145, 45, 511, -220, 64
-318, -296, 453, 145, 45, 511, -220, 64
-309, -253, 352, 145, 45, 511, -220, 64
-252, -174, 229, 145, 45, 511, -220, 64
-188, -97, 95, 145, 45, 511, -220, 64
-130, -44, 10, 145, 45, 511, -220, 64
-91, -24, -39, 145, 45, 511, -220, 64
-71, -24, -71, 145, 45, 511, -220, 64
-62, -27, -96, 145, 45, 511, -220, 64
-67, -25, -113, 145, 45, 511, -220, 64
-76, -11, -124, 145, 45, 511, -220, 64
-87, 7, -143, 145, 45, 511, -220, 64
-104, 16, -173, 145, 45, 511, -220, 64
-123, 8, -205, 145, 45, 511, -220, 64
-145, -14, -220, 145, 45, 511, -220, 64
-191, -32, -195, 145, 45, 511, -220, 64
-257, -46, -69, 145, 45, 511, -220, 64
-334, -46, 122, 145, 45, 511, -220, 64
-416, -37, 299, 145, 45, 511, -220, 64
-446, -18, 449, 145, 45, 511, -220, 64
-406, 2, 511, 145, 45, 511, -220, 64
-319, 13, 476, 145, 45, 511, -220, 64
-209, 28, 402, 145, 45, 511, -220, 64
-110, 31, 304, 145, 45, 511, -220, 64
-55, 35, 188, 145, 45, 511, -220, 64
-11, 44, 96, 145, 45, 511, -220, 64
20, 43, 38, 145, 45, 511, -220, 64
40, 33, 2, 145, 45, 511, -220, 64
62, 20, -13, 145, 45, 511, -220, 64
75, 2, -15, 145, 45, 511, -220, 64
94, -22, -4, 145, 45, 511, -220, 64
115, -43, 16, 145, 45, 511, -220, 64
123, -43, 59, 145, 45, 511, -220, 64
124, -20, 126, 145, 45, 511, -220, 64
123, -8, 196, 145, 45, 511, -220, 64
115, -12, 267, 145, 45, 511, -220, 64
111, -32, 325, 145, 45, 511, -220, 64
100, -70, 372, 145, 45, 511, -220, 64
63, -88, 424, 145, 45, 511, -220, 64
-5, -95, 466, 145, 45, 511, -220, 64
-99, -112, 496, 145, 45, 511, -220, 64
-215, -115, 511, 145, 45, 511, -220, 64
-317, -101, 502, 145, 45, 511, -220, 64
-367, -70, 420, 145, 45, 511, -220, 64
-370, -16, 293, 145, 45, 511, -220, 64
-331, 37, 151, 145, 45, 511, -220, 64
-270, 66, 18, 145, 45, 511, -220, 64
-211, 63, -36, 145, 45, 511, -220, 64
-166, 31, -45, 145, 45, 511, -220, 64
-131, -16, -44, 145, 45, 511, -220, 64
-106, -58, -49, 145, 45, 511, -220, 64
-92, -78, -72, 145, 45, 511, -220, 64
-76, -81, -103, 145, 45, 511, -220, 64
-70, -83, -134, 145, 45, 511, -220, 64
-82, -90, -153, 145, 45, 511, -220, 64
-113, -102, -134, 145, 45, 511, -220, 64
-153, -111, -67, 145, 45, 511, -220, 64
-189, -109, 31, 145, 45, 511, -220, 64
-219, -94, 198, 145, 45, 511, -220, 64
-236, -61, 337, 145, 45, 511, -220, 64
-239, -12, 437, 145, 45, 511, -220, 64
-233, 38, 511, 145, 45, 511, -220, 64
-205, 91, 511, 145, 45, 511, -220, 64
-158, 136, 454, 145, 45, 511, -220, 64
-111, 148, 366, 145, 45, 511, -220, 64
-62, 136, 263, 145, 45, 511, -220, 64
-19, 106, 139, 145, 45, 511, -220, 64
12, 66, 60, 145, 45, 511, -220, 64
34, 39, 11, 145, 45, 511, -220, 64
52, 31, -23, 145, 45, 511, -220, 64
66, 33, -35, 145, 45, 511, -220, 64
85, 38, -29, 145, 45, 511, -220, 64
103, 41, -11, 145, 45, 511, -220, 64
115, 39, 26, 145, 45, 511, -220, 64
119, 33, 82, 145, 45, 511, -220, 64
109, 29, 159, 145, 45, 511, -220, 64
94, 23, 238, 145, 45, 511, -220, 64
74, 15, 311, 145, 45, 511, -220, 64
57, 2, 383, 145, 45, 511, -220, 64
32, -30, 436, 145, 45, 511, -220, 64
-31, -57, 476, 145, 45, 511, -220, 64
-123, -85, 504, 145, 45, 511, -220, 64
-238, -106, 511, 145, 45, 511, -220, 64
-332, -118, 511, 145, 45, 511, -220, 64
-366, -127, 450, 145, 45, 511, -220, 64
-345, -119, 355, 145, 45, 511, -220, 64
-283, -105, 247, 145, 45, 511, -220, 64
-218, -89, 151, 145, 45, 511, -220, 64
-164, -72, 126, 145, 45, 511, -220, 64
-129, -58, 136, 145, 45, 511, -220, 64
-111, -43, 144, 145, 45, 511, -220, 64
-104, -19, 122, 145, 45, 511, -220, 64
-105, -1, 76, 145, 45, 511, -220, 64
-106, 6, 13, 145, 45, 511, -220, 64
-99, 8, -56, 145, 45, 511, -220, 64
-85, 12, -121, 145, 45, 511, -220, 64
-73, 17, -177, 145, 45, 511, -220, 64
-66, 17, -208, 145, 45, 511, -220, 64
-63, 10, -211, 145, 45, 511, -220, 64
-69, 4, -207, 145, 45, 511, -220, 64
-80, -5, -182, 145, 45, 511, -220, 64
-104, -10, -121, 145, 45, 511, -220, 64
-160, -11, 13, 145, 45, 511, -220, 64
-214, -37, 192, 145, 45, 511, -220, 64
-246, -54, 355, 145, 45, 511, -220, 64
-235, -33, 473, 145, 45, 511, -220, 64
-177, 7, 511, 145, 45, 511, -220, 64
-106, 82, 511, 145, 45, 511, -220, 64
-41, 143, 494, 145, 45, 511, -220, 64
6, 151, 435, 145, 45, 511, -220, 64
33, 129, 341, 145, 45, 511, -220, 64
52, 86, 230, 145, 45, 511, -220, 64
68, 55, 126, 145, 45, 511, -220, 64
80, 48, 58, 145, 45, 511, -220, 64
97, 51, 20, 145, 45, 511, -220, 64
124, 58, 3, 145, 45, 511, -220, 64
151, 54, -1, 145, 45, 511, -220, 64
179, 38, 16, 145, 45, 511, -220, 64
190, 19, 63, 145, 45, 511, -220, 64
181, 12, 139, 145, 45, 511, -220, 64
155, 17, 252, 145, 45, 511, -220, 64
124, 23, 362, 145, 45, 511, -220, 64
88, 5, 447, 145, 45, 511, -220, 64
25, -28, 499, 145, 45, 511, -220, 64
-60, -83, 511, 145, 45, 511, -220, 64
-155, -136, 511, 145, 45, 511, -220, 64
-222, -157, 468, 145, 45, 511, -220, 64
-238, -167, 381, 145, 45, 511, -220, 64
-211, -153, 265, 145, 45, 511, -220, 64
-168, -128, 133, 145, 45, 511, -220, 64
-134, -105, 43, 145, 45, 511, -220, 64
-114, -84, 4, 145, 45, 511, -220, 64
-106, -64, -3, 145, 45, 511, -220, 64
-107, -45, 0, 145, 45, 511, -220, 64
-107, -23, -6, 145, 45, 511, -220, 64
-107, -4, -24, 145, 45, 511, -220, 64
-103, 18, -44, 145, 45, 511, -220, 64
-91, 33, -67, 145, 45, 511, -220, 64
-82, 28, -99, 145, 45, 511, -220, 64
-86, 11, -125, 145, 45, 511, -220, 64
-96, -11, -140, 145, 45, 511, -220, 64
-112, -25, -137, 145, 45, 511, -220, 64
-142, -18, -100, 145, 45, 511, -220, 64
-168, -4, -20, 145, 45, 511, -220, 64
-214, 16, 139, 145, 45, 511, -220, 64
-280, 18, 288, 145, 45, 511, -220, 64
-313, 15, 421, 145, 45, 511, -220, 64
-312, 45, 511, 145, 45, 511, -220, 64
-277, 72, 496, 145, 45, 511, -220, 64
-197, 116, 441, 145, 45, 511, -220, 64
-128, 159, 360, 145, 45, 511, -220, 64
-79, 160, 263, 145, 45, 511, -220, 64
-35, 147, 170, 145, 45, 511, -220, 64
-5, 115, 112, 145, 45, 511, -220, 64
20, 75, 83, 145, 45, 511, -220, 64
49, 44, 74, 145, 45, 511, -220, 64
85, 21, 74, 145, 45, 511, -220, 64
123, 1, 74, 145, 45, 511, -220, 64
156, -15, 68, 145, 45, 511, -220, 64
151, -5, 81, 145, 45, 511, -220, 64
189, -27, 58, 145, 45, 511, -220, 64
189, -36, 48, 145, 45, 511, -220, 64
146, -31, 242, 109, 50, 511, -293, 73
135, -29, 347, 109, 50, 511, -293, 73
124, -45, 432, 109, 50, 511, -293, 73
79, -66, 494, 109, 50, 511, -293, 73
5, -110, 511, 109, 50, 511, -293, 73
-104, -183, 511, 109, 50, 511, -293, 73
-219, -231, 511, 109, 50, 511, -293, 73
-285, -254, 475, 109, 50, 511, -293, 73
-298, -241, 390, 109, 50, 511, -293, 73
-260, -186, 278, 109, 50, 511, -293, 73
-202, -124, 153, 109, 50, 511, -293, 73
-157, -79, 60, 109, 50, 511, -293, 73
-134, -58, 14, 109, 50, 511, -293, 73
-135, -65, -4, 109, 50, 511, -293, 73
-147, -92, -12, 109, 50, 511, -293, 73
-149, -110, -22, 109, 50, 511, -293, 73
-139, -103, -42, 109, 50, 511, -293, 73
-116, -70, -79, 109, 50, 511, -293, 73
-91, -14, -133, 109, 50, 511, -293, 73
-78, 37, -195, 109, 50, 511, -293, 73
-88, 57, -251, 109, 50, 511, -293, 73
-115, 43, -288, 109, 50, 511, -293, 73
-145, 23, -293, 109, 50, 511, -293, 73
-207, 22, -241, 109, 50, 511, -293, 73
-272, 36, -35, 109, 50, 511, -293, 73
-318, 34, 170, 109, 50, 511, -293, 73
-327, 4, 361, 109, 50, 511, -293, 73
-263, -54, 511, 109, 50, 511, -293, 73
-172, -119, 511, 109, 50, 511, -293, 73
-76, -138, 472, 109, 50, 511, -293, 73
-19, -103, 385, 109, 50, 511, -293, 73
5, -44, 268, 109, 50, 511, -293, 73
16, 26, 127, 109, 50, 511, -293, 73
20, 87, 17, 109, 50, 511, -293, 73
23, 106, -44, 109, 50, 511, -293, 73
18, 100, -63, 109, 50, 511, -293, 73
19, 87, -45, 109, 50, 511, -293, 73
30, 63, -13, 109, 50, 511, -293, 73
58, 41, 21, 109, 50, 511, -293, 73
100, 21, 42, 109, 50, 511, -293, 73
144, 1, 53, 109, 50, 511, -293, 73
187, -28, 60, 109, 50, 511, -293, 73
219, -67, 72, 109, 50, 511, -293, 73
229, -100, 113, 109, 50, 511, -293, 73
215, -113, 213, 109, 50, 511, -293, 73
179, -102, 322, 109, 50, 511, -293, 73
117, -80, 424, 109, 50, 511, -293, 73
10, -56, 498, 109, 50, 511, -293, 73
-125, -48, 511, 109, 50, 511, -293, 73
-260, -42, 511, 109, 50, 511, -293, 73
-352, -36, 458, 109, 50, 511, -293, 73
-357, -33, 382, 109, 50, 511, -293, 73
-308, -34, 279, 109, 50, 511, -293, 73
-236, -40, 160, 109, 50, 511, -293, 73
-178, -37, 81, 109, 50, 511, -293, 73
-156, -32, 10, 109, 50, 511, -293, 73
-142, -21, -54, 109, 50, 511, -293, 73
-139, -17, -101, 109, 50, 511, -293, 73
-142, -17, -132, 109, 50, 511, -293, 73
-136, -19, -159, 109, 50, 511, -293, 73
-133, -22, -177, 109, 50, 511, -293, 73
-132, -24, -191, 109, 50, 511, -293, 73
-130, -30, -191, 109, 50, 511, -293, 73
-131, -41, -159, 109, 50, 511, -293, 73
-135, -38, -101, 109, 50, 511, -293, 73
-150, -25, -32, 109, 50, 511, -293, 73
-176, -5, 99, 109, 50, 511, -293, 73
-209, 15, 242, 109, 50, 511, -293, 73
-252, 21, 369, 109, 50, 511, -293, 73
-268, 17, 478, 109, 50, 511, -293, 73
-235, 6, 511, 109, 50, 511, -293, 73
-169, 0, 509, 109, 50, 511, -293, 73
-74, 9, 474, 109, 50, 511, -293, 73
6, 20, 410, 109, 50, 511, -293, 73
56, 30, 317, 109, 50, 511, -293, 73
95, 40, 210, 109, 50, 511, -293, 73
119, 25, 126, 109, 50, 511, -293, 73
148, 7, 70, 109, 50, 511, -293, 73
175, -10, 49, 109, 50, 511, -293, 73
187, -28, 52, 109, 50, 511, -293, 73
191, -31, 76, 109, 50, 511, -293, 73
186, -28, 118, 109, 50, 511, -293, 73
171, -25, 166, 109, 50, 511, -293, 73
148, -30, 218, 109, 50, 511, -293, 73
120, -40, 275, 109, 50, 511, -293, 73
96, -44, 329, 109, 50, 511, -293, 73
74, -50, 396, 109, 50, 511, -293, 73
36, -55, 450, 109, 50, 511, -293, 73
-28, -60, 487, 109, 50, 511, -293, 73
-121, -77, 511, 109, 50, 511, -293, 73
-217, -86, 511, 109, 50, 511, -293, 73
-272, -83, 467, 109, 50, 511, -293, 73
-270, -79, 383, 109, 50, 511, -293, 73
-222, -71, 277, 109, 50, 511, -293, 73
-163, -64, 160, 109, 50, 511, -293, 73
-117, -63, 77, 109, 50, 511, -293, 73
-94, -59, 20, 109, 50, 511, -293, 73
-90, -53, -22, 109, 50, 511, -293, 73
-96, -47, -56, 109, 50, 511, -293, 73
-101, -40, -82, 109, 50, 511, -293, 73
-104, -30, -101, 109, 50, 511, -293, 73
-103, -11, -123, 109, 50, 511, -293, 73
-103, 17, -152, 109, 50, 511, -293, 73
-109, 40, -181, 109, 50, 511, -293, 73
-121, 39, -192, 109, 50, 511, -293, 73
-134, 16, -177, 109, 50, 511, -293, 73
-166, -4, -133, 109, 50, 511, -293, 73
-226, -13, -28, 109, 50, 511, -293, 73
-303, -8, 143, 109, 50, 511, -293, 73
-380, 10, 298, 109, 50, 511, -293, 73
-424, 32, 434, 109, 50, 511, -293, 73
-399, 40, 511, 109, 50, 511, -293, 73
-320, 47, 511, 109, 50, 511, -293, 73
-224, 44, 442, 109, 50, 511, -293, 73
-125, 40, 347, 109, 50, 511, -293, 73
-56, 55, 243, 109, 50, 511, -293, 73
-12, 68, 123, 109, 50, 511, -293, 73
20, 80, 66, 109, 50, 511, -293, 73
46, 76, 40, 109, 50, 511, -293, 73
67, 58, 32, 109, 50, 511, -293, 73
83, 46, 49, 109, 50, 511, -293, 73
99, 39, 82, 109, 50, 511, -293, 73
115, 30, 115, 109, 50, 511, -293, 73
129, 22, 146, 109, 50, 511, -293, 73
144, 17, 186, 109, 50, 511, -293, 73
153, 6, 228, 109, 50, 511, -293, 73
148, -18, 266, 109, 50, 511, -293, 73
140, -56, 301, 109, 50, 511, -293, 73
121, -95, 344, 109, 50, 511, -293, 73
66, -128, 395, 109, 50, 511, -293, 73
-24, -146, 445, 109, 50, 511, -293, 73
-132, -177, 491, 109, 50, 511, -293, 73
-236, -226, 511, 109, 50, 511, -293, 73
-294, -269, 475, 109, 50, 511, -293, 73
-298, -289, 399, 109, 50, 511, -293, 73
-271, -258, 319, 109, 50, 511, -293, 73
-233, -194, 238, 109, 50, 511, -293, 73
-185, -136, 190, 109, 50, 511, -293, 73
-142, -107, 158, 109, 50, 511, -293, 73
-100, -90, 107, 109, 50, 511, -293, 73
-79, -71, 38, 109, 50, 511, -293, 73
-77, -33, -37, 109, 50, 511, -293, 73
-82, 15, -100, 109, 50, 511, -293, 73
-91, 46, -152, 109, 50, 511, -293, 73
-91, 60, -199, 109, 50, 511, -293, 73
-97, 56, -241, 109, 50, 511, -293, 73
-113, 38, -256, 109, 50, 511, -293, 73
-139, 9, -229, 109, 50, 511, -293, 73
-170, -13, -175, 109, 50, 511, -293, 73
-215, -10, -63, 109, 50, 511, -293, 73
-256, 8, 123, 109, 50, 511, -293, 73
-248, 25, 279, 109, 50, 511, -293, 73
-195, -1, 422, 109, 50, 511, -293, 73
-102, -35, 511, 109, 50, 511, -293, 73
-2, -53, 511, 109, 50, 511, -293, 73
57, -41, 457, 109, 50, 511, -293, 73
75, 15, 370, 109, 50, 511, -293, 73
78, 60, 248, 109, 50, 511, -293, 73
74, 79, 108, 109, 50, 511, -293, 73
65, 82, 20, 109, 50, 511, -293, 73
49, 74, -18, 109, 50, 511, -293, 73
30, 66, -10, 109, 50, 511, -293, 73
22, 68, 14, 109, 50, 511, -293, 73
31, 71, 37, 109, 50, 511, -293, 73
59, 71, 49, 109, 50, 511, -293, 73
87, 64, 64, 109, 50, 511, -293, 73
110, 50, 95, 109, 50, 511, -293, 73
131, 31, 133, 109, 50, 511, -293, 73
141, 1, 163, 109, 50, 511, -293, 73
153, -26, 184, 109, 50, 511, -293, 73
163, -46, 214, 109, 50, 511, -293, 73
170, -66, 294, 109, 50, 511, -293, 73
169, -91, 377, 109, 50, 511, -293, 73
123, -131, 456, 109, 50, 511, -293, 73
16, -187, 511, 109, 50, 511, -293, 73
-115, -229, 511, 109, 50, 511, -293, 73
-226, -255, 467, 109, 50, 511, -293, 73
-281, -263, 356, 109, 50, 511, -293, 73
-268, -242, 207, 109, 50, 511, -293, 73
-230, -205, 43, 109, 50, 511, -293, 73
-199, -147, -78, 109, 50, 511, -293, 73
-175, -81, -132, 109, 50, 511, -293, 73
-152, -28, -141, 109, 50, 511, -293, 73
-123, 4, -131, 109, 50, 511, -293, 73
-93, 17, -118, 109, 50, 511, -293, 73
-70, 23, -106, 109, 50, 511, -293, 73
-53, 30, -104, 109, 50, 511, -293, 73
-49, 37, -110, 109, 50, 511, -293, 73
-59, 37, -110, 109, 50, 511, -293, 73
-77, 24, -91, 109, 50, 511, -293, 73
-103, -4, -46, 109, 50, 511, -293, 73
-134, -35, 41, 109, 50, 511, -293, 73
-195, -59, 145, 109, 50, 511, -293, 73
-288, -79, 275, 109, 50, 511, -293, 73
-378, -102, 387, 109, 50, 511, -293, 73
-454, -150, 460, 109, 50, 511, -293, 73
-468, -207, 507, 109, 50, 511, -293, 73
-510, -155, 511, 109, 50, 511, -293, 73
-486, -258, 511, 109, 50, 511, -293, 73
-390, -304, 511, 109, 50, 511, -293, 73
-146, -9, 292, -113, 45, 247, -473, 80
-92, 89, 184, -113, 45, 247, -473, 80
-45, 140, 105, -113, 45, 247, -473, 80
-8, 145, 69, -113, 45, 247, -473, 80
22, 119, 40, -113, 45, 247, -473, 80
44, 80, 12, -113, 45, 247, -473, 80
64, 51, -6, -113, 45, 247, -473, 80
82, 23, -13, -113, 45, 247, -473, 80
101, -5, -3, -113, 45, 247, -473, 80
121, -27, 24, -113, 45, 247, -473, 80
132, -48, 52, -113, 45, 247, -473, 80
131, -60, 87, -113, 45, 247, -473, 80
110, -63, 139, -113, 45, 247, -473, 80
86, -67, 209, -113, 45, 247, -473, 80
79, -69, 286, -113, 45, 247, -473, 80
101, -72, 378, -113, 45, 247, -473, 80
121, -67, 445, -113, 45, 247, -473, 80
98, -47, 484, -113, 45, 247, -473, 80
24, -27, 511, -113, 45, 247, -473, 80
-95, 0, 511, -113, 45, 247, -473, 80
-191, 7, 482, -113, 45, 247, -473, 80
-222, 2, 404, -113, 45, 247, -473, 80
-210, -18, 283, -113, 45, 247, -473, 80
-174, -61, 145, -113, 45, 247, -473, 80
-144, -108, 27, -113, 45, 247, -473, 80
-130, -154, -52, -113, 45, 247, -473, 80
-120, -169, -98, -113, 45, 247, -473, 80
-107, -144, -127, -113, 45, 247, -473, 80
-99, -94, -143, -113, 45, 247, -473, 80
-99, -47, -143, -113, 45, 247, -473, 80
-103, -23, -128, -113, 45, 247, -473, 80
-109, -26, -103, -113, 45, 247, -473, 80
-122, -41, -74, -113, 45, 247, -473, 80
-133, -56, -40, -113, 45, 247, -473, 80
-137, -56, -6, -113, 45, 247, -473, 80
-147, -37, 22, -113, 45, 247, -473, 80
-149, -15, 89, -113, 45, 247, -473, 80
-157, 8, 213, -113, 45, 247, -473, 80
-178, 30, 329, -113, 45, 247, -473, 80
-189, 31, 444, -113, 45, 247, -473, 80
-174, 45, 511, -113, 45, 247, -473, 80
-135, 62, 505, -113, 45, 247, -473, 80
-70, 78, 461, -113, 45, 247, -473, 80
1, 88, 389, -113, 45, 247, -473, 80
54, 81, 301, -113, 45, 247, -473, 80
93, 69, 218, -113, 45, 247, -473, 80
113, 56, 185, -113, 45, 247, -473, 80
116, 52, 177, -113, 45, 247, -473, 80
123, 56, 186, -113, 45, 247, -473, 80
121, 59, 192, -113, 45, 247, -473, 80
121, 60, 189, -113, 45, 247, -473, 80
125, 65, 193, -113, 45, 247, -473, 80
117, 60, 201, -113, 45, 247, -473, 80
114, 54, 221, -113, 45, 247, -473, 80
108, 43, 262, -113, 45, 247, -473, 80
106, 31, 321, -113, 45, 247, -473, 80
98, 6, 393, -113, 45, 247, -473, 80
78, -19, 455, -113, 45, 247, -473, 80
42, -45, 493, -113, 45, 247, -473, 80
-14, -87, 511, -113, 45, 247, -473, 80
-74, -127, 511, -113, 45, 247, -473, 80
-124, -166, 484, -113, 45, 247, -473, 80
-149, -189, 413, -113, 45, 247, -473, 80
-148, -175, 308, -113, 45, 247, -473, 80
-131, -130, 185, -113, 45, 247, -473, 80
-104, -79, 81, -113, 45, 247, -473, 80
-84, -41, 19, -113, 45, 247, -473, 80
-79, -23, -15, -113, 45, 247, -473, 80
-83, -21, -33, -113, 45, 247, -473, 80
-91, -20, -51, -113, 45, 247, -473, 80
-97, -12, -77, -113, 45, 247, -473, 80
-99, -3, -110, -113, 45, 247, -473, 80
-100, -4, -148, -113, 45, 247, -473, 80
-100, -25, -178, -113, 45, 247, -473, 80
-97, -60, -182, -113, 45, 247, -473, 80
-101, -89, -146, -113, 45, 247, -473, 80
-129, -88, -93, -113, 45, 247, -473, 80
-182, -51, 8, -113, 45, 247, -473, 80
-242, 3, 171, -113, 45, 247, -473, 80
-300, 59, 307, -113, 45, 247, -473, 80
-324, 101, 434, -113, 45, 247, -473, 80
-298, 125, 511, -113, 45, 247, -473, 80
-254, 136, 509, -113, 45, 247, -473, 80
-196, 136, 462, -113, 45, 247, -473, 80
-135, 128, 394, -113, 45, 247, -473, 80
-91, 111, 321, -113, 45, 247, -473, 80
-52, 92, 249, -113, 45, 247, -473, 80
-11, 70, 221, -113, 45, 247, -473, 80
29, 46, 212, -113, 45, 247, -473, 80
64, 22, 197, -113, 45, 247, -473, 80
98, 1, 172, -113, 45, 247, -473, 80
134, -14, 138, -113, 45, 247, -473, 80
172, -21, 105, -113, 45, 247, -473, 80
214, -23, 81, -113, 45, 247, -473, 80
241, -29, 76, -113, 45, 247, -473, 80
247, -43, 99, -113, 45, 247, -473, 80
221, -56, 154, -113, 45, 247, -473, 80
170, -58, 244, -113, 45, 247, -473, 80
111, -57, 341, -113, 45, 247, -473, 80
45, -80, 426, -113, 45, 247, -473, 80
-33, -119, 481, -113, 45, 247, -473, 80
-129, -162, 504, -113, 45, 247, -473, 80
-229, -194, 511, -113, 45, 247, -473, 80
-295, -192, 504, -113, 45, 247, -473, 80
-306, -185, 449, -113, 45, 247, -473, 80
-266, -182, 350, -113, 45, 247, -473, 80
-200, -159, 222, -113, 45, 247, -473, 80
-137, -116, 99, -113, 45, 247, -473, 80
-92, -63, 32, -113, 45, 247, -473, 80
-62, -14, 11, -113, 45, 247, -473, 80
-45, 4, 13, -113, 45, 247, -473, 80
-47, -7, 6, -113, 45, 247, -473, 80
-59, -25, -14, -113, 45, 247, -473, 80
-75, -36, -49, -113, 45, 247, -473, 80
-92, -36, -94, -113, 45, 247, -473, 80
-110, -29, -140, -113, 45, 247, -473, 80
-130, -27, -181, -113, 45, 247, -473, 80
-149, -42, -200, -113, 45, 247, -473, 80
-168, -60, -200, -113, 45, 247, -473, 80
-210, -66, -177, -113, 45, 247, -473, 80
-275, -64, -71, -113, 45, 247, -473, 80
-357, -60, 103, -113, 45, 247, -473, 80
-437, -34, 275, -113, 45, 247, -473, 80
-473, 18, 434, -113, 45, 247, -473, 80
-453, 101, 511, -113, 45, 247, -473, 80
-392, 189, 508, -113, 45, 247, -473, 80
-300, 241, 470, -113, 45, 247, -473, 80
-205, 238, 403, -113, 45, 247, -473, 80
-128, 196, 317, -113, 45, 247, -473, 80
-66, 152, 220, -113, 45, 247, -473, 80
-25, 111, 151, -113, 45, 247, -473, 80
9, 79, 105, -113, 45, 247, -473, 80
39, 53, 71, -113, 45, 247, -473, 80
73, 34, 43, -113, 45, 247, -473, 80
104, 26, 20, -113, 45, 247, -473, 80
127, 25, 0, -113, 45, 247, -473, 80
152, 28, -5, -113, 45, 247, -473, 80
168, 30, 21, -113, 45, 247, -473, 80
173, 32, 98, -113, 45, 247, -473, 80
172, 28, 214, -113, 45, 247, -473, 80
166, 3, 324, -113, 45, 247, -473, 80
96, -67, 421, -113, 45, 247, -473, 80
-48, -135, 474, -113, 45, 247, -473, 80
-213, -178, 492, -113, 45, 247, -473, 80
-381, -186, 507, -113, 45, 247, -473, 80
-456, -133, 477, -113, 45, 247, -473, 80
-412, -89, 403, -113, 45, 247, -473, 80
-317, -73, 310, -113, 45, 247, -473, 80
-204, -72, 210, -113, 45, 247, -473, 80
-121, -83, 136, -113, 45, 247, -473, 80
-76, -90, 93, -113, 45, 247, -473, 80
-60, -83, 66, -113, 45, 247, -473, 80
-66, -61, 41, -113, 45, 247, -473, 80
-70, -33, 19, -113, 45, 247, -473, 80
-69, -1, 0, -113, 45, 247, -473, 80
-64, 24, -23, -113, 45, 247, -473, 80
-62, 34, -50, -113, 45, 247, -473, 80
-72, 32, -78, -113, 45, 247, -473, 80
-96, 19, -103, -113, 45, 247, -473, 80
-133, -5, -120, -113, 45, 247, -473, 80
-186, -17, -119, -113, 45, 247, -473, 80
-251, -23, -109, -113, 45, 247, -473, 80
-324, -1, -66, -113, 45, 247, -473, 80
-402, 54, 95, -113, 45, 247, -473, 80
-426, 59, 246, -113, 45, 247, -473, 80
-368, 25, 393, -113, 45, 247, -473, 80
-285, -12, 511, -113, 45, 247, -473, 80
-187, -44, 489, -113, 45, 247, -473, 80
-108, -4, 454, -113, 45, 247, -473, 80
-76, 78, 413, -113, 45, 247, -473, 80
-60, 120, 366, -113, 45, 247, -473, 80
-22, 117, 346, -113, 45, 247, -473, 80
2, 94, 341, -113, 45, 247, -473, 80
21, 83, 335, -113, 45, 247, -473, 80
60, 95, 315, -113, 45, 247, -473, 80
90, 109, 264, -113, 45, 247, -473, 80
126, 104, 205, -113, 45, 247, -473, 80
157, 79, 159, -113, 45, 247, -473, 80
175, 45, 140, -113, 45, 247, -473, 80
179, 27, 155, -113, 45, 247, -473, 80
169, 20, 184, -113, 45, 247, -473, 80
148, 18, 237, -113, 45, 247, -473, 80
120, 11, 311, -113, 45, 247, -473, 80
72, -15, 388, -113, 45, 247, -473, 80
9, -45, 458, -113, 45, 247, -473, 80
-67, -76, 499, -113, 45, 247, -473, 80
-158, -97, 511, -113, 45, 247, -473, 80
-240, -105, 511, -113, 45, 247, -473, 80
-290, -118, 466, -113, 45, 247, -473, 80
-299, -123, 363, -113, 45, 247, -473, 80
-270, -121, 251, -113, 45, 247, -473, 80
-212, -99, 133, -113, 45, 247, -473, 80
-159, -59, 49, -113, 45, 247, -473, 80
-121, -23, 17, -113, 45, 247, -473, 80
-95, -2, -9, -113, 45, 247, -473, 80
-77, 4, -26, -113, 45, 247, -473, 80
-63, -1, -31, -113, 45, 247, -473, 80
-70, -9, -37, -113, 45, 247, -473, 80
-55, -5, -32, -113, 45, 247, -473, 80
-44, -5, -23, -113, 45, 247, -473, 80
-44, -80, -35, 153, 44, 511, -204, 89
-51, -101, -24, 153, 44, 511, -204, 89
-56, -103, -3, 153, 44, 511, -204, 89
-62, -81, 19, 153, 44, 511, -204, 89
-80, -39, 10, 153, 44, 511, -204, 89
-105, 6, -18, 153, 44, 511, -204, 89
-135, 43, 7, 153, 44, 511, -204, 89
-179, 36, 107, 153, 44, 511, -204, 89
-215, -14, 249, 153, 44, 511, -204, 89
-256, -47, 401, 153, 44, 511, -204, 89
-292, -37, 492, 153, 44, 511, -204, 89
-296, 36, 511, 153, 44, 511, -204, 89
-272, 133, 511, 153, 44, 511, -204, 89
-215, 179, 508, 153, 44, 511, -204, 89
-137, 173, 475, 153, 44, 511, -204, 89
-63, 129, 416, 153, 44, 511, -204, 89
-5, 84, 344, 153, 44, 511, -204, 89
44, 61, 266, 153, 44, 511, -204, 89
79, 45, 209, 153, 44, 511, -204, 89
108, 38, 170, 153, 44, 511, -204, 89
129, 37, 144, 153, 44, 511, -204, 89
140, 36, 131, 153, 44, 511, -204, 89
140, 38, 138, 153, 44, 511, -204, 89
131, 41, 164, 153, 44, 511, -204, 89
111, 45, 216, 153, 44, 511, -204, 89
97, 45, 275, 153, 44, 511, -204, 89
88, 34, 339, 153, 44, 511, -204, 89
58, 7, 410, 153, 44, 511, -204, 89
-17, -21, 456, 153, 44, 511, -204, 89
-139, -37, 491, 153, 44, 511, -204, 89
-274, -56, 511, 153, 44, 511, -204, 89
-373, -78, 511, 153, 44, 511, -204, 89
-391, -96, 458, 153, 44, 511, -204, 89
-341, -104, 368, 153, 44, 511, -204, 89
-259, -86, 263, 153, 44, 511, -204, 89
-171, -51, 154, 153, 44, 511, -204, 89
-109, -25, 91, 153, 44, 511, -204, 89
-71, -19, 54, 153, 44, 511, -204, 89
-55, -30, 18, 153, 44, 511, -204, 89
-51, -41, -24, 153, 44, 511, -204, 89
-51, -42, -65, 153, 44, 511, -204, 89
-52, -34, -101, 153, 44, 511, -204, 89
-55, -17, -128, 153, 44, 511, -204, 89
-64, 1, -149, 153, 44, 511, -204, 89
-70, 14, -156, 153, 44, 511, -204, 89
-81, 17, -150, 153, 44, 511, -204, 89
-89, 24, -133, 153, 44, 511, -204, 89
-109, 36, -105, 153, 44, 511, -204, 89
-139, 51, -46, 153, 44, 511, -204, 89
-176, 59, 77, 153, 44, 511, -204, 89
-235, 38, 228, 153, 44, 511, -204, 89
-279, -26, 371, 153, 44, 511, -204, 89
-282, -102, 477, 153, 44, 511, -204, 89
-256, -125, 511, 153, 44, 511, -204, 89
-195, -84, 492, 153, 44, 511, -204, 89
-124, 18, 443, 153, 44, 511, -204, 89
-78, 131, 390, 153, 44, 511, -204, 89
-40, 180, 335, 153, 44, 511, -204, 89
-11, 171, 284, 153, 44, 511, -204, 89
14, 127, 246, 153, 44, 511, -204, 89
36, 87, 200, 153, 44, 511, -204, 89
45, 64, 144, 153, 44, 511, -204, 89
58, 50, 97, 153, 44, 511, -204, 89
83, 39, 71, 153, 44, 511, -204, 89
111, 28, 59, 153, 44, 511, -204, 89
142, 26, 55, 153, 44, 511, -204, 89
158, 24, 57, 153, 44, 511, -204, 89
142, 15, 80, 153, 44, 511, -204, 89
115, 1, 136, 153, 44, 511, -204, 89
92, -11, 224, 153, 44, 511, -204, 89
60, -21, 339, 153, 44, 511, -204, 89
-10, -32, 429, 153, 44, 511, -204, 89
-103, -55, 484, 153, 44, 511, -204, 89
-215, -82, 511, 153, 44, 511, -204, 89
-308, -88, 511, 153, 44, 511, -204, 89
-336, -77, 472, 153, 44, 511, -204, 89
-315, -53, 399, 153, 44, 511, -204, 89
-265, -37, 314, 153, 44, 511, -204, 89
-204, -46, 223, 153, 44, 511, -204, 89
-146, -60, 167, 153, 44, 511, -204, 89
-107, -70, 134, 153, 44, 511, -204, 89
-85, -70, 106, 153, 44, 511, -204, 89
-86, -59, 77, 153, 44, 511, -204, 89
-100, -45, 45, 153, 44, 511, -204, 89
-121, -26, 5, 153, 44, 511, -204, 89
-138, 3, -43, 153, 44, 511, -204, 89
-145, 29, -95, 153, 44, 511, -204, 89
-145, 42, -142, 153, 44, 511, -204, 89
-139, 28, -167, 153, 44, 511, -204, 89
-136, -26, -168, 153, 44, 511, -204, 89
-135, -89, -153, 153, 44, 511, -204, 89
-150, -105, -147, 153, 44, 511, -204, 89
-168, -78, -159, 153, 44, 511, -204, 89
-165, -59, -165, 153, 44, 511, -204, 89
-189, -90, -72, 153, 44, 511, -204, 89
-250, -124, 97, 153, 44, 511, -204, 89
-328, -88, 278, 153, 44, 511, -204, 89
-424, 50, 447, 153, 44, 511, -204, 89
-454, 236, 511, 153, 44, 511, -204, 89
-405, 359, 511, 153, 44, 511, -204, 89
-319, 378, 484, 153, 44, 511, -204, 89
-217, 324, 431, 153, 44, 511, -204, 89
-142, 265, 360, 153, 44, 511, -204, 89
-80, 219, 273, 153, 44, 511, -204, 89
-33, 171, 195, 153, 44, 511, -204, 89
8, 124, 127, 153, 44, 511, -204, 89
42, 85, 72, 153, 44, 511, -204, 89
65, 64, 33, 153, 44, 511, -204, 89
81, 53, 13, 153, 44, 511, -204, 89
90, 53, 15, 153, 44, 511, -204, 89
97, 57, 33, 153, 44, 511, -204, 89
111, 51, 66, 153, 44, 511, -204, 89
143, 9, 96, 153, 44, 511, -204, 89
184, -76, 117, 153, 44, 511, -204, 89
200, -159, 149, 153, 44, 511, -204, 89
181, -203, 202, 153, 44, 511, -204, 89
73, -179, 296, 153, 44, 511, -204, 89
-101, -84, 393, 153, 44, 511, -204, 89
-268, -5, 469, 153, 44, 511, -204, 89
-396, 25, 511, 153, 44, 511, -204, 89
-450, 14, 493, 153, 44, 511, -204, 89
-433, -16, 441, 153, 44, 511, -204, 89
-377, -28, 364, 153, 44, 511, -204, 89
-317, -29, 274, 153, 44, 511, -204, 89
-246, -25, 197, 153, 44, 511, -204, 89
-183, -30, 154, 153, 44, 511, -204, 89
-136, -36, 131, 153, 44, 511, -204, 89
-101, -33, 112, 153, 44, 511, -204, 89
-80, -28, 88, 153, 44, 511, -204, 89
-68, -25, 58, 153, 44, 511, -204, 89
-64, -21, 27, 153, 44, 511, -204, 89
-65, -10, -3, 153, 44, 511, -204, 89
-70, 9, -40, 153, 44, 511, -204, 89
-79, 31, -89, 153, 44, 511, -204, 89
-91, 52, -141, 153, 44, 511, -204, 89
-111, 65, -180, 153, 44, 511, -204, 89
-137, 62, -204, 153, 44, 511, -204, 89
-181, 56, -196, 153, 44, 511, -204, 89
-239, 41, -116, 153, 44, 511, -204, 89
-310, 22, 63, 153, 44, 511, -204, 89
-377, -2, 243, 153, 44, 511, -204, 89
-414, -8, 409, 153, 44, 511, -204, 89
-404, 29, 511, 153, 44, 511, -204, 89
-347, 71, 511, 153, 44, 511, -204, 89
-258, 116, 484, 153, 44, 511, -204, 89
-163, 141, 430, 153, 44, 511, -204, 89
-86, 128, 357, 153, 44, 511, -204, 89
-33, 117, 266, 153, 44, 511, -204, 89
-2, 117, 190, 153, 44, 511, -204, 89
21, 112, 133, 153, 44, 511, -204, 89
46, 101, 93, 153, 44, 511, -204, 89
74, 82, 67, 153, 44, 511, -204, 89
104, 58, 52, 153, 44, 511, -204, 89
133, 38, 48, 153, 44, 511, -204, 89
152, 26, 57, 153, 44, 511, -204, 89
153, 25, 80, 153, 44, 511, -204, 89
142, 25, 103, 153, 44, 511, -204, 89
120, 17, 118, 153, 44, 511, -204, 89
109, -1, 116, 153, 44, 511, -204, 89
116, -22, 129, 153, 44, 511, -204, 89
75, -22, 224, 153, 44, 511, -204, 89
-14, 15, 324, 153, 44, 511, -204, 89
-144, 29, 430, 153, 44, 511, -204, 89
-272, 11, 511, 153, 44, 511, -204, 89
-343, -20, 511, 153, 44, 511, -204, 89
-367, -67, 464, 153, 44, 511, -204, 89
-350, -64, 382, 153, 44, 511, -204, 89
-316, -22, 284, 153, 44, 511, -204, 89
-253, 0, 176, 153, 44, 511, -204, 89
-161, -10, 108, 153, 44, 511, -204, 89
-79, -44, 70, 153, 44, 511, -204, 89
-38, -71, 36, 153, 44, 511, -204, 89
-42, -73, 0, 153, 44, 511, -204, 89
-69, -50, -42, 153, 44, 511, -204, 89
-92, -20, -80, 153, 44, 511, -204, 89
-102, 3, -113, 153, 44, 511, -204, 89
-105, 21, -139, 153, 44, 511, -204, 89
-109, 34, -152, 153, 44, 511, -204, 89
-117, 36, -153, 153, 44, 511, -204, 89
-128, 27, -141, 153, 44, 511, -204, 89
-146, 25, -125, 153, 44, 511, -204, 89
-183, 43, -116, 153, 44, 511, -204, 89
-232, 58, -65, 153, 44, 511, -204, 89
-296, 52, 87, 153, 44, 511, -204, 89
-359, 25, 242, 153, 44, 511, -204, 89
-407, -12, 401, 153, 44, 511, -204, 89
-408, -30, 510, 153, 44, 511, -204, 89
-348, -24, 511, 153, 44, 511, -204, 89
-253, -12, 484, 153, 44, 511, -204, 89
-137, -3, 421, 153, 44, 511, -204, 89
-49, -1, 352, 153, 44, 511, -204, 89
1, 8, 281, 153, 44, 511, -204, 89
33, 18, 228, 153, 44, 511, -204, 89
50, 21, 204, 153, 44, 511, -204, 89
65, 18, 178, 153, 44, 511, -204, 89
83, 12, 147, 153, 44, 511, -204, 89
100, 9, 120, 153, 44, 511, -204, 89
85, 3, 132, 153, 44, 511, -204, 89
111, 6, 103, 153, 44, 511, -204, 89
134, 14, 81, 153, 44, 511, -204, 89
