X,Y,Z
-221,-103,43
-222,-105,48
-220,-105,53
-219,-104,58
-218,-100,62
-220,-98,64
-224,-92,67
-226,-88,67
-211,-74,33
-221,-78,33
-223,-79,30
-225,-81,28
-227,-79,29
-231,-74,30
-232,-72,31
-233,-69,32
-232,-71,32
-230,-71,31
-232,-68,32
-231,-67,32
-231,-67,35
-232,-70,33
-231,-70,33
-230,-72,36
-227,-74,38
-226,-77,38
-224,-80,38
-220,-84,38
-220,-87,36
-218,-91,36
-216,-94,36
-217,-94,35
-217,-95,37
-215,-95,39
-214,-96,39
-215,-93,37
-215,-91,41
-215,-92,42
-216,-90,41
-216,-91,44
-220,-89,60
-229,-86,83
-231,-89,96
-228,-87,86
-224,-80,71
-218,-74,66
-211,-76,69
-208,-76,73
-209,-74,70
-212,-73,66
-216,-70,63
-213,-68,61
-212,-66,61
-211,-66,60
-208,-66,60
-208,-68,60
-208,-70,62
-208,-72,63
-212,-75,62
-217,-76,59
-223,-71,64
-226,-66,67
-226,-65,68
-227,-67,65
-227,-69,63
-226,-72,66
-225,-73,65
-225,-73,63
-223,-75,61
-221,-74,60
-220,-76,57
-218,-79,57
-218,-78,56
-217,-78,57
-216,-78,55
-217,-77,60
-218,-77,59
-216,-78,60
-218,-77,62
-220,-77,62
-220,-81,64
-221,-81,64
-219,-81,66
-221,-79,67
-223,-78,67
-223,-79,68
-225,-81,65
-229,-82,64
-225,-80,63
-221,-77,60
-219,-72,61
-219,-69,59
-219,-71,55
-218,-73,56
-218,-83,56
-215,-82,54
-217,-77,50
-219,-75,50
-221,-71,53
-221,-70,55
-222,-72,57
-220,-79,58
-218,-85,54
-219,-85,54
-218,-84,52
-219,-84,54
-218,-83,51
-219,-82,48
-221,-82,49
-220,-84,46
-217,-85,48
-215,-88,54
-217,-92,65
-219,-85,75
-217,-71,79
-208,-72,82
-197,-82,84
-193,-90,83
-196,-91,83
-200,-82,87
-201,-75,91
-202,-73,97
-199,-77,104
-201,-83,107
-202,-85,102
-205,-83,96
-204,-81,96
-206,-85,95
-211,-96,99
-215,-121,113
-206,-130,124
-195,-120,135
-189,-88,142
-183,-70,141
-181,-74,128
-186,-75,110
-192,-67,102
-200,-65,95
-211,-70,84
-226,-80,72
-253,-83,73
-280,-88,72
-286,-103,62
-276,-121,52
-256,-128,54
-224,-126,54
-209,-119,49
-205,-102,20
-212,-76,-28
-216,-57,-68
-215,-38,-69
-208,-31,-37
-199,-38,-3
-193,-54,4
-192,-62,12
-196,-67,42
-208,-74,94
-221,-84,155
-225,-104,221
-211,-106,256
-210,-65,214
-223,-18,164
-219,21,151
-201,35,155
-186,28,136
-171,27,100
-173,28,72
-177,24,78
-192,6,108
-204,-16,145
-200,-42,178
-195,-58,186
-192,-60,193
-182,-54,199
-177,-27,183
-162,1,161
-144,4,169
-122,-19,197
-109,-51,224
-110,-76,244
-148,-81,278
-190,-91,324
-253,-129,343
-292,-153,323
-319,-162,290
-332,-180,264
-358,-190,242
-359,-191,202
-340,-179,170
-297,-163,144
-238,-147,105
-182,-123,61
-138,-90,36
-100,-59,28
-56,-33,9
-38,-13,-21
-38,4,-37
-32,4,-38
-20,-1,-15
-13,-11,-2
-15,-11,-19
-25,2,-62
-54,16,-131
-92,21,-175
-165,22,-162
-269,7,-175
-398,-25,-55
-512,-82,490
-512,-137,511
-512,-5,511
-512,87,511
-396,51,461
-259,-24,267
-169,-27,61
-106,25,-146
-21,44,-257
47,52,-251
87,59,-170
85,64,-67
75,33,61
73,-23,174
71,-11,224
91,36,189
94,47,145
68,26,210
46,5,284
0,-3,364
-88,-19,421
-165,-21,511
-327,-88,511
-512,-133,511
-512,-238,511
-512,-394,511
-401,-389,348
-192,-233,114
-97,-140,18
7,-6,61
54,35,42
55,9,-5
49,33,-20
58,53,-32
58,53,-32
69,36,-32
85,13,-34
102,-4,-48
105,6,-68
80,36,-86
-2,42,-134
-87,27,-176
-179,39,-159
-284,21,-57
-403,-18,268
-512,-131,511
-446,-246,511
-302,-86,511
-184,124,511
-74,171,391
3,129,251
43,60,132
62,26,63
58,25,81
21,24,134
45,21,119
81,43,48
119,40,2
127,21,7
131,20,41
144,19,115
163,7,191
160,-5,256
133,0,328
128,-17,398
129,-77,487
90,-202,511
-90,-246,511
-304,-270,511
-480,-289,511
-467,-234,511
-339,-119,373
-262,-46,258
-166,10,183
-95,20,110
-48,-22,45
-32,-66,-2
-30,-72,-44
-33,-73,-94
-44,-78,-125
-42,-80,-145
-28,-60,-177
-18,-28,-214
-21,-3,-240
-24,2,-251
-14,12,-256
-59,11,-259
-103,6,-174
-242,36,43
-403,69,357
-428,29,511
-319,39,511
-215,269,511
-225,419,511
-154,256,336
-94,57,186
-42,-79,97
-21,-95,199
15,-28,238
82,-10,221
155,-3,295
197,-17,428
217,-11,454
247,0,361
245,-3,314
216,-14,364
158,-13,436
63,0,479
-42,-5,511
-157,-9,511
-309,10,511
-384,-8,511
-366,-56,494
-264,-52,369
-176,-27,229
-117,-14,118
-37,-45,36
-1,-97,-49
-26,-147,-77
-71,-160,-46
-95,-101,-38
-154,17,-113
-192,109,-225
-160,97,-256
-172,20,-247
-174,-57,-229
-184,-69,-210
-216,-62,-162
-302,-58,-129
-459,-108,-12
-512,-96,511
-512,108,511
-441,190,511
-260,160,511
-126,148,511
1,145,507
17,113,428
120,100,317
162,83,184
172,33,165
191,-8,151
190,-32,157
180,31,126
200,80,73
199,118,34
200,144,38
173,123,134
119,64,269
25,50,377
-90,34,511
-189,-33,511
-231,-175,511
-295,-246,511
-361,-203,511
-354,-78,511
-320,17,487
-232,-43,425
-139,-246,280
-84,-323,85
-76,-202,-19
-94,-81,-79
-111,-11,-124
-103,16,-166
-95,35,-212
-95,67,-263
-96,77,-314
-142,78,-362
-171,69,-344
-216,78,-251
-278,99,-154
-337,14,-105
-405,-214,222
-471,-37,511
-396,178,511
-355,107,511
-266,79,511
-120,75,511
-85,40,356
-21,82,288
-8,135,194
14,115,130
35,72,62
76,46,20
110,14,1
136,4,-20
148,6,-18
174,24,3
210,41,44
246,60,100
257,93,201
262,108,438
234,85,511
34,-35,511
-286,-59,511
-472,-88,511
-512,-55,511
-512,-96,511
-394,-122,228
-251,-109,90
-171,-70,90
-131,-70,56
-108,-66,18
-91,-45,-18
-98,-17,-64
-112,-3,-119
-137,0,-155
-148,-5,-174
-148,-37,-202
-161,-94,-238
-176,-132,-272
-158,-143,-265
-180,-89,-129
-252,-18,97
-402,87,511
-423,137,511
-285,163,511
-181,181,511
-68,197,511
43,196,450
45,105,313
41,137,274
114,196,230
91,123,143
105,102,83
84,104,5
62,129,-49
98,138,-34
150,130,1
204,58,35
186,-38,70
103,-34,144
32,26,276
-25,99,431
9,126,511
-2,94,511
-145,13,511
-285,-105,511
-323,-112,511
-243,-114,416
-153,-119,217
-104,-81,105
-84,-41,50
-66,-21,24
-55,-23,-2
-62,-48,-32
-81,-81,-51
-101,-104,-56
-95,-123,-49
-89,-118,-82
-113,-74,-141
-132,-61,-179
-124,-64,-119
-159,-29,-27
-192,36,98
-176,67,240
-273,71,511
-306,71,511
-278,157,511
-230,310,511
-143,314,511
-13,230,402
48,171,283
172,185,165
145,161,76
93,90,22
84,43,14
108,21,4
127,2,-15
146,-2,-26
168,-18,-27
161,-50,36
167,-70,185
222,-81,360
314,-195,511
252,-408,511
20,-408,511
-163,-277,511
-277,-171,511
-309,-126,387
-285,-102,198
-240,-60,62
-173,-39,2
-117,-33,-12
-102,-26,-26
-107,-32,-42
-122,-75,-51
-151,-103,-60
-155,-99,-61
-139,-59,-63
-143,-24,-76
-150,-2,-94
-189,-8,-86
-217,-25,-32
-231,-3,61
-308,27,264
-266,38,405
-219,47,511
-233,-23,511
-215,-58,511
-91,-3,511
29,63,413
77,80,230
96,102,166
99,113,132
99,81,72
105,44,39
115,17,20
133,-17,20
155,-12,25
160,19,52
160,52,107
144,64,209
126,50,314
115,27,449
100,39,511
100,0,511
-3,-62,511
-157,-134,511
-253,-233,511
-261,-238,511
-232,-208,311
-184,-162,102
-128,-92,-14
-87,-38,-56
-69,-24,-63
-87,-21,-69
-118,-15,-75
-163,-18,-70
-193,-29,-70
-161,0,-92
-137,48,-130
-132,61,-138
-122,19,-87
-95,-33,57
-129,-33,177
-136,-22,441
-104,21,511
-96,1,511
-105,-52,511
-70,-34,511
-41,31,411
-30,98,217
-9,154,110
15,169,52
32,148,15
66,110,30
100,89,31
106,53,51
104,38,74
87,40,85
85,38,97
114,-8,101
111,-100,153
47,-118,315
-31,-24,511
-18,50,511
-90,49,511
-158,-11,511
-185,-157,511
-207,-208,511
-224,-201,447
-202,-152,284
-173,-77,150
-130,-29,68
-85,-42,37
-72,-55,15
-84,-56,-19
-119,-65,-46
-164,-87,-45
-206,-109,-16
-204,-109,3
-147,-47,-48
-99,8,-133
-77,35,-194
-71,28,-203
-64,4,-178
-110,26,-63
-172,67,210
-280,81,511
-305,34,511
-285,66,511
-190,159,511
-64,194,488
19,189,299
61,177,246
95,124,176
119,97,104
115,96,50
84,72,45
92,70,55
111,58,38
126,41,9
134,22,-6
122,0,18
92,-20,124
51,-35,316
28,-20,446
13,2,470
-40,-39,492
-218,-57,511
-383,-61,511
-390,-124,491
-277,-105,300
-195,-47,190
-145,1,144
-86,18,129
-47,-24,110
-34,-99,75
-34,-174,76
-37,-172,113
-26,-112,136
-31,-55,115
-21,-38,64
-16,-38,5
-31,-36,-48
-71,-9,-34
-112,28,36
-176,50,109
-218,0,141
-200,-23,230
-241,8,363
-275,41,493
-284,51,511
-264,68,511
-196,78,511
-116,73,348
-64,84,251
-14,113,223
7,96,218
27,67,256
75,39,188
124,29,83
169,37,15
200,9,-21
212,-11,12
201,-13,75
169,-1,117
161,-2,164
187,-8,273
164,-40,411
103,-55,511
57,-49,511
-13,-109,511
-111,-123,511
-139,-74,387
-101,-8,276
-42,3,182
-27,-31,99
-30,-87,33
-36,-115,4
-53,-90,-22
-66,-31,-32
-103,17,-20
-120,57,-29
-134,78,-57
-149,69,-43
-166,7,24
-163,-56,123
-170,-67,228
-215,-27,366
-145,22,511
-125,43,511
-125,29,511
-130,48,511
-66,32,511
2,0,347
34,6,263
53,42,194
56,59,100
40,109,104
55,110,85
78,84,70
100,44,60
123,39,92
153,62,142
205,22,176
216,-46,289
177,-44,428
127,-15,511
90,-48,502
5,-88,511
-105,-72,511
-235,-16,511
-253,45,451
-208,65,379
-142,41,294
-72,39,216
-27,52,150
6,54,81
20,29,33
11,-28,2
-8,-88,-30
-45,-114,-54
-93,-102,-55
-126,-81,-42
-131,-65,-62
-156,-52,-108
-191,-33,-121
-209,-14,-38
-267,41,152
-302,86,495
-246,104,511
-209,218,511
-237,262,511
-213,197,511
-128,119,460
-46,108,244
3,119,136
47,128,85
38,91,45
24,69,35
22,54,24
37,38,20
69,22,40
107,0,59
136,-20,81
198,-18,120
236,-9,236
242,17,358
202,19,421
182,-20,437
161,-69,457
-9,-151,511
-345,-142,511
-512,-131,511
-512,-40,433
-400,43,350
-236,10,224
-138,1,134
-80,29,87
-53,33,48
-52,9,41
-84,-6,72
-102,1,75
-120,3,-22
-104,17,-117
-84,31,-152
-93,18,-151
-140,-17,-98
-197,-55,-5
-202,-58,112
-183,-5,215
-138,18,357
-92,22,475
-75,-48,511
-15,-66,511
48,10,511
39,100,481
20,184,319
8,250,187
20,242,117
17,166,100
21,100,103
21,57,94
22,33,83
53,14,93
80,11,133
99,6,191
120,3,239
93,-13,285
83,-10,375
74,1,460
112,2,511
98,-18,511
4,-42,511
-150,-109,511
-293,-142,511
-348,-112,444
-279,-51,232
-159,-28,83
-96,-38,-13
-58,-64,-63
-38,-82,-103
-61,-98,-105
-83,-99,-72
-89,-78,-61
-80,-49,-78
-65,-8,-115
-60,35,-161
-77,77,-192
-123,65,-180
-169,-8,-83
-224,-65,164
-280,-45,422
-357,-24,511
-304,9,511
-260,-12,511
-178,-112,511
-87,-53,511
-53,29,423
-33,90,232
-6,149,152
23,162,104
36,118,52
43,82,24
54,66,25
78,57,37
98,34,38
136,20,58
180,16,107
238,33,232
246,16,356
187,-16,474
66,-25,511
-74,23,511
-105,40,511
-150,13,511
-242,-14,428
-341,-79,474
-329,-179,455
-237,-207,339
-139,-155,205
-90,-99,99
-55,-68,32
-41,-54,-2
-41,-45,8
-41,-49,30
-78,-52,25
-81,-28,2
-100,-25,-47
-115,-14,-100
-139,-3,-113
-158,-25,-73
-174,-30,46
-174,3,143
-211,55,280
-189,103,447
-194,111,511
-164,78,511
-87,64,511
-8,52,455
50,66,293
82,110,199
108,122,112
83,88,44
149,104,51
102,39,60
105,-3,66
116,3,84
110,15,130
123,22,191
139,6,250
144,-27,278
147,-54,259
161,-51,290
157,-71,407
122,-190,420
4,-284,500
-224,-170,511
-403,32,511
-353,184,511
-214,153,429
-129,48,283
-80,-21,171
-56,-51,119
-50,-42,93
-61,-14,28
-78,11,-87
-116,28,-166
-153,8,-145
-194,1,-125
-233,15,-198
-290,9,-254
-292,-74,-200
-240,-190,-73
-178,-291,111
-138,-261,511
-144,-33,511
-134,203,511
-116,295,511
-63,270,511
-25,199,422
4,109,278
41,54,209
88,54,142
119,44,59
133,9,-4
146,-15,-27
158,-29,-19
164,-17,-4
166,1,40
187,-28,63
193,-94,97
133,-116,176
15,-5,426
53,54,511
75,-5,490
-70,20,500
-270,96,511
-408,98,511
-428,83,511
-361,26,444
-272,-24,278
-192,-48,135
-143,-26,65
-128,-13,44
-137,-29,54
-174,-36,-1
-160,-19,-92
-115,-4,-143
-96,-11,-169
-94,-27,-182
-102,-42,-176
-116,-63,-101
-142,-52,43
-132,1,156
-150,17,228
-137,5,361
-168,67,511
-196,91,511
-156,58,511
-51,37,511
25,35,511
60,58,360
75,97,250
83,106,177
73,86,103
58,73,46
41,67,22
39,67,4
60,64,-13
90,57,-37
129,51,-49
157,41,-10
170,20,85
165,10,221
185,-6,348
277,-21,438
239,-99,511
-44,-113,511
-251,-104,511
-337,-137,511
-328,-137,511
-243,-137,359
-141,-126,197
-63,-92,108
-19,-74,76
-5,-81,86
-19,-89,78
-29,-106,55
-23,-88,11
-33,-45,-38
-48,-7,-98
-72,19,-175
-90,21,-233
-74,-1,-238
-90,-40,-238
-145,-35,-248
-240,-44,-172
-342,-10,142
-346,0,511
-308,-155,511
-251,-132,511
-156,69,511
-83,181,511
-97,155,269
-64,111,205
-26,116,171
-49,136,106
17,124,36
70,59,4
123,-16,1
190,-43,47
252,3,179
325,49,254
389,70,318
372,31,343
314,-8,331
236,-34,301
142,-49,388
74,-106,511
-87,-196,511
-256,-182,511
-361,-185,511
-388,-230,511
-259,-241,511
-128,-165,346
-96,-65,176
-73,-16,95
-50,-31,87
-45,-82,81
-67,-133,42
-93,-140,-34
-106,-127,-123
-105,-87,-188
-86,-61,-227
-73,-47,-248
-90,-59,-247
-126,-88,-208
-149,-82,-130
-238,-34,-54
-314,21,114
-383,-10,355
-510,-131,511
-495,-207,511
-257,-181,511
-70,19,511
82,82,501
189,105,370
194,53,314
197,42,270
144,21,169
140,65,88
169,139,63
146,133,25
182,135,23
191,117,37
164,75,89
131,57,222
120,41,319
94,12,385
69,3,506
71,-32,511
49,-3,511
-118,3,511
-348,9,511
-439,4,511
-342,-27,511
-217,-59,250
-165,-64,53
-104,-72,1
-90,-109,-4
-107,-146,-46
-106,-147,-103
-82,-118,-140
-78,-85,-154
-90,-65,-157
-103,-63,-159
-118,-65,-143
-132,-70,-86
-153,-74,-14
-177,-23,87
-212,48,184
-217,133,426
-160,171,511
-172,150,511
-187,147,511
-126,155,511
-38,157,509
23,141,319
53,46,226
65,1,304
27,-74,378
92,-7,351
73,-2,199
106,58,85
110,54,31
132,24,83
150,3,188
160,-14,302
172,-45,355
159,-55,343
170,-15,346
175,6,451
99,-44,511
-4,-37,511
-73,5,511
-140,33,511
-177,36,464
-195,9,316
-170,-2,192
-135,2,153
-97,3,133
-62,-17,82
-43,-36,32
-44,-54,-15
-47,-60,-51
-43,-61,-56
-43,-58,-31
-49,-61,4
-75,-69,10
-108,-75,-8
-116,-65,-6
-147,-32,2
-186,-24,91
-210,-17,276
-266,-16,511
-272,8,511
-226,23,511
-132,55,511
-30,100,477
48,134,406
67,123,330
64,123,290
50,145,234
34,121,153
101,72,115
111,54,93
116,54,54
128,63,11
131,74,5
104,63,78
84,35,194
82,24,310
79,40,441
71,45,511
-2,25,511
-116,26,511
-241,-44,511
-276,-91,511
-228,-110,511
-154,-112,314
-107,-118,150
-68,-97,72
-45,-90,50
-30,-95,34
-25,-101,1
-15,-97,-40
-12,-87,-74
-17,-58,-106
-22,-33,-132
-31,-22,-142
-52,-13,-129
-89,-20,-97
-118,-47,-77
-137,3,-76
-168,80,-3
-253,151,511
-269,143,511
-253,72,511
-171,113,511
-67,168,511
-21,165,312
-17,141,194
-9,115,132
14,92,87
33,66,52
59,46,35
94,29,37
132,9,46
166,-13,61
213,-8,103
267,-13,137
277,-46,191
183,-146,289
40,-143,407
-83,-59,511
-194,24,511
-284,71,511
-319,57,511
-361,-22,497
-342,-91,376
-253,-77,272
-177,-46,174
-137,-27,113
-83,-18,80
-43,-40,70
-13,-88,49
-7,-114,12
-19,-111,-34
-56,-82,-79
-83,-39,-117
-81,9,-138
-97,47,-127
-135,59,-72
-174,63,46
-175,72,148
-212,88,228
-191,88,382
-167,94,511
-183,39,511
-201,30,511
-138,70,511
-85,95,368
-45,110,188
5,109,122
54,70,85
64,25,24
130,29,35
149,3,27
125,-18,8
183,-3,0
217,-23,-1
206,-26,47
174,-31,113
126,-42,192
114,22,368
83,50,511
88,-2,511
30,17,511
-27,28,511
-48,-41,511
-88,-104,507
-115,-114,338
-117,-100,203
-112,-68,107
-95,-48,64
-116,-74,104
-133,-105,178
-142,-125,206
-120,-99,176
-129,-43,96
-152,-4,13
-149,9,-57
-145,-3,-105
-137,-28,-146
-131,-53,-180
-166,-50,-203
-250,-27,-266
-320,-46,-212
-420,-50,318
-452,-55,511
-447,47,511
-300,130,511
-103,140,511
-2,143,425
15,145,250
59,126,256
92,119,238
96,112,203
122,89,169
171,63,128
207,52,81
218,72,69
182,78,99
173,78,173
160,17,183
129,-64,201
93,-130,263
107,-153,370
169,-169,427
98,-261,490
-106,-311,511
-357,-311,511
-460,-210,511
-306,-106,421
-199,-45,230
-128,-7,165
-68,13,110
-32,-5,72
-25,-65,62
-16,-126,50
-54,-143,-6
-98,-78,-110
-134,32,-245
-115,71,-277
-117,21,-269
-174,-53,-240
-212,-96,-184
-220,-58,-81
-206,25,-14
-296,83,169
-396,163,511
-388,279,511
-282,201,511
-112,120,511
-11,55,511
42,49,355
59,88,258
72,89,157
85,87,109
102,80,106
119,53,121
153,37,126
169,37,113
177,46,92
162,62,72
146,63,57
119,44,74
89,7,140
72,-13,275
77,6,426
33,28,511
-128,23,511
-326,58,511
-435,6,511
-418,-38,511
-288,-44,346
-173,-52,130
-103,-70,6
-69,-71,-49
-71,-68,-104
-84,-82,-141
-112,-91,-137
-138,-100,-116
-127,-109,-126
-106,-73,-143
-109,-37,-178
-131,-7,-152
-206,28,-47
-213,83,66
-216,100,100
-235,131,330
-225,225,511
-157,224,511
-104,196,511
-85,171,511
-50,137,511
15,80,312
53,47,121
67,51,81
27,68,158
14,67,222
72,74,194
110,15,145
114,-3,83
148,20,44
190,30,41
219,-3,56
226,-25,103
221,-47,155
184,-71,202
174,-90,231
183,-71,246
159,-88,318
43,-67,511
-65,-15,511
-220,29,511
-268,76,511
-206,75,361
-123,26,174
-79,3,92
-54,-11,48
-76,-12,16
-118,-15,0
-133,-32,-27
-140,-55,-65
-132,-37,-117
-115,4,-168
-127,36,-194
-148,24,-178
-166,-8,-118
-165,-15,-45
-197,31,4
-244,72,211
-234,115,511
-154,72,511
-15,-11,511
49,-10,511
80,49,511
69,114,289
46,142,245
54,135,302
115,113,255
171,51,195
190,11,130
194,10,81
169,36,108
161,78,150
170,88,139
164,64,121
143,40,132
108,26,213
82,25,295
101,31,335
178,14,388
155,-69,511
13,-124,511
-229,-149,511
-377,-156,511
-357,-121,511
-263,-73,398
-182,-53,206
-112,-45,65
-76,-57,-39
-60,-74,-101
-53,-73,-121
-80,-35,-119
-129,-15,-152
-165,-11,-227
-183,-9,-311
-219,16,-344
-240,43,-239
-260,52,74
-196,19,511
-134,-40,511
-89,-75,511
-40,-162,511
4,-328,511
68,-157,511
66,55,371
71,114,256
81,64,200
120,-7,150
135,-49,145
123,-22,292
129,15,383
156,57,337
166,96,247
151,109,160
126,113,112
119,119,56
129,82,41
118,22,89
120,3,169
85,-13,286
101,-58,387
131,-181,508
-30,-252,511
-173,-178,511
-227,-156,511
-213,-136,511
-157,-113,381
-137,-89,181
-110,-102,62
-92,-95,-3
-95,-40,-7
-90,-7,4
-114,-18,2
-126,-50,-20
-127,-67,-65
-120,-51,-112
-126,-14,-154
-138,4,-184
-162,-20,-185
-181,-57,-158
-190,-48,-90
-253,12,-18
-255,69,153
-241,149,511
-193,206,511
-115,185,511
1,145,511
56,119,511
62,133,362
60,159,231
71,151,119
49,89,35
53,70,30
57,73,35
68,61,32
115,44,22
142,25,16
147,9,16
139,2,22
107,-8,55
56,-9,152
-12,6,391
-52,-10,511
-46,-109,511
-99,-196,511
-249,-286,511
-371,-355,511
-356,-317,511
-295,-225,282
-213,-115,105
-142,-36,18
-100,-11,-24
-65,-14,-57
-56,-33,-91
-61,-37,-112
-64,-23,-124
-86,-7,-123
-90,26,-137
-107,35,-187
-130,11,-243
-162,-39,-252
-180,-62,-197
-292,-36,-88
-391,-44,263
-472,-40,511
-509,-26,511
-412,41,511
-230,34,511
-123,6,374
-68,31,213
-18,55,121
-9,49,44
52,44,6
58,27,-19
62,13,-22
78,-2,-14
104,-29,-2
135,-67,24
143,-74,58
112,-2,158
108,63,266
129,-19,303
114,-89,343
93,-81,390
65,-89,453
-18,-91,511
-159,-117,511
-284,-150,511
-399,-101,511
-424,-35,475
-359,6,183
-298,67,4
-240,111,-56
-181,80,-58
-124,-5,-32
-117,-59,-33
-102,-80,-52
-81,-88,-79
-67,-83,-123
-51,-73,-156
-79,-88,-177
-129,-114,-156
-192,-133,-46
-212,-106,112
-223,-80,217
-246,-57,511
-263,2,511
-224,87,511
-196,123,511
-134,154,511
-76,183,283
-38,134,162
3,73,96
35,35,17
48,24,-34
50,27,-35
75,39,-37
93,44,-34
122,44,-9
122,37,39
123,34,108
109,20,193
84,26,299
62,14,352
44,0,401
41,-32,483
-18,-99,511
-191,-95,511
-324,-112,511
-416,-117,511
-396,-145,511
-328,-132,270
-238,-80,128
-170,-61,80
-136,-83,129
-110,-62,167
-99,-26,170
-99,1,112
-107,12,40
-112,10,-16
-103,1,-82
-72,10,-165
-53,30,-220
-63,28,-241
-76,0,-206
-57,-15,-177
-79,6,-204
-107,-9,-141
-171,-19,38
-280,-21,361
-297,-96,511
-235,-77,511
-128,62,511
-46,142,511
-14,204,511
26,167,444
58,91,274
63,56,135
64,33,67
89,41,29
106,63,1
130,68,-16
171,60,0
198,25,12
217,0,71
177,-7,171
134,30,303
92,46,463
95,24,511
31,-79,511
-116,-101,511
-248,-176,511
-285,-188,511
-236,-161,342
-180,-141,162
-140,-119,48
-113,-89,-18
-101,-69,-17
-100,-56,4
-107,-42,19
-117,-12,-5
-104,20,-41
-97,18,-66
-91,46,-63
-70,51,-97
-69,-3,-170
-113,-47,-168
-129,-45,-125
-137,-2,-83
-188,25,-23
-218,8,153
-312,34,511
-399,5,511
-321,16,511
-214,127,511
-171,141,452
-82,181,292
-43,188,188
-19,131,121
7,88,82
37,55,58
57,26,71
97,10,86
151,-5,81
189,-27,58
189,-36,48
178,-23,93
146,-25,170
135,-40,264
128,-34,444
134,-16,511
99,-89,511
-43,-124,511
-168,-211,511
-302,-305,511
-363,-283,511
-304,-216,368
-220,-157,171
-153,-87,64
-129,-33,12
-126,-36,-6
-126,-76,-11
-157,-114,-10
-176,-139,-20
-135,-110,-46
-87,-47,-91
-66,19,-159
-73,82,-233
-83,97,-295
-128,33,-315
-175,-39,-307
-191,2,-255
-334,92,-87
-387,89,511
-360,-46,511
-226,-118,511
-78,-141,511
-22,-170,511
22,-120,358
4,19,161
19,96,43
22,109,-54
36,124,-82
16,96,-82
0,72,-32
26,56,18
79,31,45
129,6,53
166,-9,52
202,-23,63
253,-83,73
255,-151,103
208,-140,216
145,-75,460
110,-39,511
6,-64,511
-218,-46,511
-395,-42,511
-432,-15,511
-360,-39,301
-240,-35,207
-198,-45,99
-144,-38,36
-129,-29,-15
-153,-13,-80
-140,-1,-154
-131,-25,-153
-143,-29,-139
-129,-18,-190
-126,-16,-226
-128,-33,-207
-135,-52,-141
-133,-61,-61
-144,-6,5
-185,21,72
-240,29,382
-267,19,511
-314,18,511
-250,4,511
-106,-14,511
-6,-8,504
69,55,371
70,48,257
91,26,136
152,32,76
164,-4,37
186,-24,34
200,-43,52
199,-38,86
182,-19,135
164,-12,202
142,-30,242
104,-57,294
72,-59,362
67,-30,418
53,-53,511
-47,-75,511
-185,-79,511
-304,-99,511
-329,-90,511
-267,-63,337
-178,-61,176
-114,-68,87
-92,-64,43
-83,-58,2
-86,-46,-50
-99,-41,-82
-114,-41,-94
-103,-30,-100
-98,-7,-127
-95,35,-169
-113,72,-212
-130,62,-214
-143,-12,-173
-148,-55,-109
-241,-10,-33
-369,26,203
-452,8,511
-456,19,511
-416,78,511
-271,56,511
-137,37,511
-70,8,238
-21,61,131
5,117,95
38,86,31
60,56,7
81,47,28
89,44,63
102,40,101
126,27,138
144,11,159
145,10,188
164,20,259
159,-15,306
126,-86,313
114,-140,326
88,-138,433
-62,-146,511
-234,-160,511
-320,-261,511
-326,-334,511
-296,-321,367
-247,-239,208
-215,-135,191
-172,-78,189
-103,-92,174
-76,-122,80
-48,-68,-12
-88,-2,-88
-96,60,-127
-93,72,-170
-86,56,-222
-88,52,-276
-121,47,-293
-155,-1,-232
-189,-59,-115
-214,-37,-58
-300,58,155
-318,72,511
-159,7,511
-3,-138,511
73,-79,511
84,-1,511
76,56,298
69,87,161
86,99,23
67,74,-49
40,69,-53
4,57,7
11,66,55
36,83,47
76,78,39
114,60,58
123,38,113
130,27,171
157,0,193
154,-61,178
173,-69,196
171,-51,292
185,-80,511
149,-162,511
-11,-229,511
-256,-274,511
-340,-250,511
-296,-264,337
-232,-262,67
-203,-192,-87
-189,-102,-145
-171,-29,-147
-135,1,-146
-112,20,-126
-72,26,-105
-53,22,-92
-43,27,-101
-43,48,-117
-57,54,-128
-91,22,-93
-115,-27,-26
-148,-64,63
-182,-68,220
-335,-75,325
-485,-109,495
-510,-155,511
-486,-258,511
-390,-304,511
-239,-211,511
-177,-69,374
-107,74,177
-60,172,108
-21,182,77
9,134,61
40,93,32
61,67,-7
69,29,-35
89,18,-13
109,-20,3
140,-45,35
147,-59,72
134,-67,101
103,-66,142
59,-59,242
51,-74,354
105,-76,406
189,-76,511
139,-39,511
-39,5,511
-191,4,511
-287,30,511
-246,-11,396
-164,-13,198
-140,-78,30
-146,-142,-43
-123,-199,-74
-109,-197,-119
-100,-135,-154
-95,-43,-158
-92,-1,-140
-108,-6,-120
-116,-39,-91
-118,-56,-61
-143,-63,-22
-155,-65,15
-132,-37,44
-158,20,52
-151,22,245
-184,29,511
-219,50,511
-199,26,511
-91,78,511
-31,94,488
41,117,337
87,64,220
120,50,161
125,45,157
121,65,204
101,48,189
147,68,194
116,57,182
121,67,192
117,68,205
115,49,226
106,34,261
94,24,359
111,18,441
82,-52,511
25,-64,511
-49,-80,511
-112,-151,511
-159,-210,511
-174,-220,405
-148,-175,225
-111,-95,92
-90,-30,19
-67,-13,-11
-68,-24,-22
-89,-23,-44
-105,-23,-55
-99,-9,-81
-95,10,-125
-96,13,-176
-109,-28,-209
-98,-95,-201
-83,-128,-140
-112,-103,-32
-221,-26,1
-309,53,205
-324,90,511
-345,120,511
-318,142,511
-204,151,511
-146,131,504
-115,121,324
-73,110,237
-28,83,220
11,56,215
49,34,215
84,12,201
114,-12,159
148,-28,115
190,-26,80
239,-18,67
280,-19,64
255,-53,93
215,-79,173
137,-70,289
73,-29,421
21,-47,483
-49,-173,511
-176,-225,511
-309,-200,511
-379,-175,511
-316,-165,486
-218,-200,288
-148,-188,116
-117,-83,-1
-65,7,-6
-35,15,22
-28,5,32
-52,-11,6
-71,-34,-33
-82,-57,-59
-94,-40,-108
-118,-10,-173
-144,-8,-219
-164,-48,-221
-170,-101,-185
-192,-83,-175
-313,-31,-127
-424,-38,205
-497,-85,511
-512,18,511
-458,179,511
-342,292,511
-256,267,502
-144,229,358
-77,167,242
-32,122,168
-10,90,115
20,67,82
58,40,56
90,18,31
125,13,6
144,33,-10
152,37,-27
187,32,11
192,18,110
162,44,300
150,19,437
160,-67,450
-88,-262,498
-411,-230,511
-512,-152,511
-512,-100,511
-387,-48,378
-236,-56,215
-133,-86,139
-60,-96,111
-53,-91,81
-56,-86,43
-71,-56,29
-81,-9,11
-69,21,-6
-52,40,-32
-52,45,-64
-73,32,-96
-109,13,-117
-148,-14,-133
-200,-48,-132
-285,-16,-94
-368,-14,-76
-440,77,40
-512,172,511
-381,4,511
-138,-152,511
-107,-71,511
-121,45,424
-63,164,373
-13,174,344
-43,97,323
34,34,347
32,74,350
62,128,322
112,144,242
154,91,144
179,53,114
185,30,138
185,8,166
169,19,205
137,24,229
103,21,350
74,-17,463
-25,-88,511
-113,-93,511
-202,-106,511
-289,-101,511
-356,-118,511
-313,-146,332
-235,-125,98
-174,-94,66
-125,-30,36
-100,16,-1
-82,16,-31
-70,-9,-37
-55,-5,-32
-44,-5,-23
-29,-20,-29
-39,-61,-40
-49,-110,-50
-57,-127,-21
-57,-104,15
-59,-71,46
-72,-21,39
-130,40,-58
-159,78,-96
-176,78,145
-251,-52,437
-271,-159,511
-324,-55,511
-320,118,511
-269,243,511
-172,226,511
-97,130,501
-10,96,377
28,66,277
62,46,224
96,38,188
130,31,147
145,38,123
148,41,120
140,34,136
129,40,173
109,50,229
67,57,328
84,35,371
95,-4,431
-14,-59,511
-231,-53,511
-405,-32,511
-446,-80,511
-410,-145,511
-302,-126,299
-203,-62,152
-119,-9,92
-60,-5,76
-53,-24,45
-50,-38,3
-55,-52,-50
-46,-47,-91
-51,-28,-120
-56,-7,-140
-66,14,-159
-81,28,-174
-76,23,-151
-101,6,-116
-98,39,-90
-161,79,-63
-196,83,87
-248,35,377
-332,-45,511
-340,-177,511
-208,-221,511
-141,-54,511
-88,119,438
-56,230,312
-27,229,299
12,145,293
29,80,234
42,57,159
63,69,115
47,53,69
80,23,45
145,13,58
172,24,66
173,44,51
142,17,54
84,-25,151
63,-30,290
82,-6,404
12,-22,511
-196,-68,511
-307,-122,511
-368,-114,511
-360,-48,511
-308,-21,356
-222,-26,221
-169,-53,169
-116,-81,148
-77,-77,130
-63,-66,92
-81,-54,57
-122,-38,31
-134,-20,2
-147,11,-70
-148,60,-133
-149,67,-179
-135,33,-186
-124,-48,-168
-135,-156,-139
-143,-182,-117
-198,-32,-164
-193,61,-216
-125,-80,-162
-237,-308,255
-444,-168,511
-504,207,511
-509,469,511
-356,439,511
-249,324,511
-160,283,406
-100,250,299
-58,206,226
0,139,161
29,91,94
62,62,30
79,51,5
90,52,4
96,50,13
95,60,39
107,69,79
147,25,134
223,-118,132
262,-277,123
170,-263,209
70,-153,344
-207,-21,511
-436,104,511
-498,51,511
-442,-31,511
-423,-65,439
-367,-18,304
-274,3,205
-203,-36,149
-140,-48,133
-113,-38,129
-85,-20,115
-65,-24,73
-56,-30,37
-63,-24,9
-69,-3,-9
-71,18,-49
-77,45,-111
-97,65,-186
-119,82,-216
-150,71,-205
-181,31,-208
-272,40,-155
-353,24,106
-434,-6,511
-448,-63,511
-418,15,511
-316,171,511
-203,163,511
-93,117,404
-37,115,297
-11,117,217
12,121,149
30,115,100
56,98,69
89,72,54
124,43,46
150,20,40
171,17,52
164,26,92
129,38,139
107,21,132
83,-14,111
119,-46,84
156,-47,190
-57,22,511
-272,131,511
-403,11,511
-353,-118,511
-341,-101,511
-371,-58,326
-333,22,182
-219,51,119
-89,-14,77
-2,-97,57
-3,-113,28
-58,-60,-18
-105,-19,-66
-107,-7,-109
-96,9,-126
-98,32,-149
-116,51,-171
-125,46,-162
-127,15,-128
-142,-1,-100
-190,43,-109
-270,115,-125
-325,78,77
-397,-25,507
-443,-65,511
-463,-34,511
-326,7,511
-159,-2,511
-64,-17,403
4,2,260
24,16,235
42,31,227
64,26,192
72,14,164
85,3,132
111,6,103
134,14,81
153,21,66
173,15,49
205,-17,25
195,-50,16
155,-79,62
99,-55,114
50,-14,177
33,-11,260
26,-127,460
-109,-197,511
-197,-305,511
-273,-407,511
-347,-346,511
-359,-257,432
-328,-179,207
-283,-114,135
-255,-77,212
-220,-76,200
-176,-129,56
-113,-162,-22
-89,-134,-43
-79,-70,-26
-67,-33,-15
-49,-8,-37
-33,10,-58
-44,39,-86
