X,Y,Z
-206,-58,18
-212,-57,16
-223,-54,18
-237,-52,24
-253,-51,31
-269,-51,43
-282,-52,58
-287,-51,71
-242,-40,58
-250,-45,48
-246,-47,39
-245,-50,30
-247,-50,21
-247,-54,14
-244,-59,14
-235,-66,15
-225,-68,16
-223,-77,17
-214,-76,13
-213,-77,15
-218,-74,19
-222,-68,24
-225,-64,27
-228,-61,29
-229,-56,27
-229,-55,25
-226,-58,20
-222,-61,17
-219,-61,12
-217,-63,11
-216,-65,8
-217,-65,13
-218,-63,15
-217,-61,19
-214,-64,24
-197,-66,42
-214,-44,66
-244,-11,106
-239,23,156
-215,11,191
-214,-26,201
-229,-52,197
-243,-67,182
-243,-80,156
-237,-78,122
-231,-69,99
-227,-64,84
-217,-60,70
-200,-54,62
-189,-51,73
-186,-48,103
-171,-42,139
-153,-45,171
-147,-49,190
-158,-32,204
-179,-11,210
-195,0,210
-223,-5,198
-244,-18,179
-240,-34,152
-245,-30,115
-233,-25,76
-223,-22,48
-215,-26,26
-207,-38,8
-204,-44,0
-205,-43,-11
-217,-45,-32
-237,-54,-50
-255,-66,-50
-263,-68,-28
-265,-73,5
-269,-101,8
-271,-124,11
-261,-122,26
-238,-105,57
-210,-87,79
-204,-83,83
-233,-71,87
-270,-52,95
-304,-51,120
-337,-56,194
-384,-39,333
-430,-11,456
-482,8,511
-469,7,511
-386,-2,436
-271,0,260
-146,19,123
-47,29,27
28,20,-32
80,37,-53
100,55,-46
101,69,0
90,80,55
63,73,71
58,57,73
52,32,62
37,19,78
12,11,130
-25,7,186
-79,-24,273
-184,-80,405
-323,-188,511
-472,-285,511
-512,-364,511
-512,-364,511
-512,-396,468
-359,-372,283
-285,-284,19
-198,-117,-178
-122,-6,-291
-47,-24,-255
-68,-36,-198
-97,3,-131
-122,56,-96
-116,63,-55
-93,20,-39
-72,22,-64
-70,52,-87
-82,65,-108
-105,51,-144
-134,25,-199
-162,15,-257
-178,22,-306
-286,7,-254
-471,-106,101
-477,-199,511
-411,-354,511
-346,-457,511
-213,-475,511
-121,-324,511
-106,-147,370
-110,19,156
-99,100,5
-82,133,-96
-41,107,-131
-8,89,-129
15,79,-94
41,51,-15
44,26,77
81,40,42
185,-5,3
268,-79,-8
270,-53,18
190,-55,144
80,-69,374
-78,-138,511
-218,-280,511
-512,-398,511
-512,-427,511
-512,-435,511
-512,-385,315
-512,-261,75
-329,-101,-99
-129,30,-159
-26,78,-140
11,89,-80
24,89,-50
20,153,-10
35,184,23
30,149,-5
49,97,-19
79,76,-64
85,65,-173
54,74,-308
41,94,-352
-13,11,-249
-172,-94,-43
-409,-140,275
-512,-291,511
-512,-402,511
-512,-284,511
-388,-75,511
-265,4,434
-134,81,295
-57,137,223
-33,145,102
19,143,53
88,141,12
87,73,-36
114,24,-39
138,0,-13
141,-10,9
126,-2,24
117,-3,67
85,-26,175
64,-47,273
4,-51,464
-80,-36,511
-8,-45,511
-62,-82,511
-226,-166,511
-339,-214,511
-367,-212,491
-338,-168,306
-237,-105,118
-172,-19,84
-160,-25,85
-99,-43,64
-69,-87,-6
-63,-110,-70
-109,-101,-122
-131,-66,-101
-126,-28,-75
-74,22,-132
-51,36,-171
-68,17,-165
-82,-44,-165
-94,-85,-177
-99,-40,-165
-147,28,-215
-224,-15,-43
-404,-120,511
-512,-64,511
-306,70,511
-186,90,511
-97,104,511
-13,141,484
39,116,328
88,68,175
119,23,77
139,-15,58
113,-44,176
114,-35,324
156,50,365
117,75,301
131,75,223
159,38,159
148,-17,142
96,-72,176
-2,-103,314
-55,-68,511
-146,-122,511
-235,-197,511
-321,-194,511
-429,-220,511
-500,-171,511
-395,-120,347
-245,-83,196
-143,-64,74
-98,-34,-32
-56,-18,-102
6,-21,-141
39,-38,-145
30,-44,-134
5,-37,-120
-22,-31,-115
-44,-17,-111
-61,-2,-127
-107,4,-185
-147,19,-232
-231,39,-231
-391,74,-120
-454,99,228
-425,50,511
-359,118,511
-199,276,511
-53,333,511
4,191,494
76,63,244
77,72,162
104,63,60
29,52,-21
-11,84,17
20,72,34
85,55,10
91,26,-23
121,52,-61
147,27,-54
182,14,-8
214,22,83
183,30,229
149,9,473
154,-141,511
34,-304,511
-129,-334,511
-374,-259,511
-420,-158,511
-431,-101,511
-449,-64,468
-285,-90,370
-200,-60,230
-109,-50,130
-72,-62,20
-17,-49,-36
-16,-27,-80
-47,-9,-124
-57,10,-164
-70,76,-189
-63,106,-186
-55,72,-157
-102,21,-64
-153,-24,-19
-160,-65,-18
-134,-108,-71
-178,-11,-193
-227,13,49
-422,-139,511
-465,-234,511
-237,-175,511
-38,-85,511
47,21,417
59,90,289
65,130,211
92,136,94
83,107,-10
68,66,-54
65,14,-55
64,-26,-35
68,-35,-9
65,-7,21
95,42,134
92,0,273
68,-74,382
47,-61,389
-14,-31,367
-48,-24,414
-9,-75,485
37,-235,511
-129,-258,511
-273,-215,511
-346,-153,511
-341,-98,511
-311,-75,429
-242,-39,314
-180,-19,256
-122,-28,178
-100,-50,70
-85,-79,-27
-88,-72,-116
-82,-60,-174
-73,-44,-198
-66,-19,-232
-44,17,-273
-37,39,-315
-53,19,-298
-69,-5,-243
-112,-30,-162
-202,-26,-70
-328,-7,138
-452,-26,511
-393,-50,511
-134,-85,511
28,-55,511
103,34,511
147,82,262
160,101,104
161,81,-38
82,42,-131
2,49,-111
-52,94,-10
-70,110,51
-59,89,70
-46,64,142
-4,86,215
-25,64,229
7,65,253
39,21,307
42,-11,360
44,-25,408
53,-19,494
40,-56,511
-1,-98,511
-83,-144,511
-222,-141,511
-269,-75,510
-188,-35,319
-116,-33,152
-90,4,9
-78,34,-65
-37,11,-105
-39,-78,-118
-48,-156,-136
-37,-125,-156
-52,-32,-151
-101,32,-140
-126,62,-126
-120,61,-107
-126,21,-94
-156,-20,-8
-231,-15,150
-280,47,330
-353,123,511
-394,186,511
-386,180,511
-279,103,511
-153,67,511
-78,64,426
-2,66,237
34,35,144
99,5,64
116,39,54
33,-7,77
34,46,133
77,88,164
43,30,105
53,43,130
45,50,154
45,72,184
41,57,197
60,30,229
35,-10,293
36,-59,389
-13,-127,511
-144,-152,511
-263,-141,511
-321,-136,511
-289,-129,504
-278,-122,343
-213,-114,241
-116,-116,113
-53,-114,18
-26,-92,-35
-29,-56,-59
-47,-17,-86
-61,27,-131
-80,75,-179
-80,178,-213
-83,215,-205
-77,151,-188
-66,90,-193
-83,-7,-173
-186,-73,-21
-405,-81,216
-425,-130,511
-396,-314,511
-408,-106,511
-312,128,511
-136,165,461
-47,204,242
11,146,142
110,86,99
138,75,69
127,70,31
88,42,46
94,17,52
117,-29,82
137,-43,114
129,-12,133
97,10,203
58,57,293
32,1,325
38,-109,388
29,-151,446
-20,-192,462
-99,-249,511
-199,-287,511
-278,-300,511
-289,-287,511
-223,-245,358
-148,-169,191
-91,-81,82
-59,-28,28
-31,-16,-5
-16,-8,-35
-4,-7,-69
-7,-36,-76
-30,-49,-58
-63,22,-74
-69,72,-106
-103,70,-133
-132,22,-139
-171,-33,-94
-206,-75,-19
-205,-76,42
-264,-104,206
-278,-171,511
-253,-194,511
-218,-220,511
-153,-136,511
-78,1,435
-39,86,281
-5,99,164
8,96,101
-50,79,83
-54,58,180
-1,45,274
38,30,258
74,28,213
100,22,167
100,14,123
113,15,115
114,16,187
89,-12,268
74,-37,337
43,-43,392
13,-39,492
-26,-69,511
-177,-37,511
-249,-56,511
-259,-96,478
-241,-88,334
-166,-58,223
-88,-46,152
-34,-47,110
-2,-44,41
1,-28,-19
-17,-14,-36
-39,-7,-43
-47,-8,-40
-63,-14,-39
-92,-46,-54
-130,-63,-99
-129,-48,-149
-118,-37,-196
-110,-60,-199
-129,-76,-162
-251,-32,32
-243,1,437
-270,21,511
-280,127,511
-183,210,511
-103,239,511
-69,198,441
-26,129,255
-22,102,147
-37,94,88
-14,88,58
-56,154,69
-59,207,100
58,202,105
61,94,40
24,-17,13
76,-8,98
122,17,251
143,-14,351
134,-31,401
183,-75,434
186,-166,482
98,-325,497
-192,-343,511
-431,-315,511
-408,-200,511
-319,-118,459
-232,-75,234
-177,18,97
-134,-15,52
-75,-79,62
-44,-106,59
-53,-72,11
-69,-11,-60
-101,50,-119
-129,56,-135
-152,63,-106
-163,69,-87
-141,53,-64
-126,9,-51
-103,-41,-24
-149,-102,81
-134,-215,267
-133,-280,458
-229,-162,511
-218,-42,511
-135,25,480
-27,19,313
34,1,302
69,-49,300
65,-34,307
71,28,332
93,23,337
62,-21,279
34,18,127
57,72,21
107,112,27
111,76,124
71,43,281
7,31,430
-14,27,493
-3,3,511
8,-131,511
-37,-208,511
-81,-247,511
-126,-193,454
-131,-96,333
-85,-19,230
-13,1,154
22,9,66
-5,2,-20
-46,-39,-49
-70,-92,-54
-79,-127,-57
-87,-106,-43
-107,-68,-45
-136,-18,-64
-148,23,-93
-153,43,-113
-185,0,-123
-194,-65,-106
-195,-92,-116
-201,-87,-159
-233,-122,-128
-422,-174,193
-512,-154,511
-512,-64,511
-441,3,511
-278,72,511
-177,110,386
-110,127,297
-35,142,249
-33,115,192
-2,91,139
64,72,114
118,27,135
147,-23,184
165,-46,252
129,-36,318
97,-12,319
38,5,298
-68,-5,370
-148,-63,449
-189,-117,511
-268,-143,511
-365,-168,511
-425,-161,511
-358,-114,377
-254,-77,234
-182,-38,164
-132,-59,86
-125,-79,74
-108,-69,0
-63,-36,-83
-15,-35,-121
-8,-58,-116
-9,-86,-108
-8,-78,-127
-23,-44,-156
-47,7,-178
-92,46,-173
-173,80,-142
-251,85,-81
-290,61,-8
-391,33,-68
-512,66,71
-512,79,511
-512,41,511
-249,39,511
-16,-5,511
100,20,511
139,57,448
170,22,308
186,-16,213
120,-29,170
135,-4,127
111,-23,93
118,-15,64
112,-9,52
119,12,46
121,5,60
127,-7,114
87,-27,180
57,-29,192
53,-37,200
90,-70,208
-16,-96,341
-136,-104,511
-267,-210,511
-385,-257,511
-365,-209,511
-303,-176,421
-219,-117,241
-150,-88,140
-107,-82,83
-72,-81,38
-42,-76,-19
-36,-54,-79
-42,-27,-130
-67,-5,-178
-100,16,-225
-136,36,-250
-175,47,-202
-218,24,-90
-223,18,20
-291,21,147
-329,-25,388
-312,-61,511
-251,-137,511
-193,-220,511
-99,-150,511
-48,-29,493
-13,65,327
1,129,280
16,111,266
61,45,235
111,0,196
131,-9,144
138,-13,102
137,5,71
169,-1,50
150,-21,46
114,6,176
122,46,290
114,-13,349
60,-59,421
12,-97,511
-97,-152,511
-210,-116,511
-285,-154,511
-294,-174,511
-245,-143,407
-200,-71,273
-154,-10,161
-125,4,89
-115,-6,126
-117,-20,195
-105,-32,247
-116,-35,194
-118,-24,51
-112,-40,-123
-55,-74,-239
-49,-83,-327
-37,-66,-359
-67,-65,-321
-90,-90,-267
-139,-69,-232
-237,-44,-164
-340,10,164
-457,30,511
-360,-37,511
-162,28,511
-49,148,511
30,167,511
59,187,335
65,167,185
92,106,128
97,127,78
49,131,60
75,170,123
70,125,106
98,30,79
144,1,76
137,22,127
124,49,212
82,89,282
39,71,268
20,53,324
32,28,456
-41,-15,511
-92,-38,511
-198,-45,511
-293,-43,511
-328,-48,511
-287,-51,304
-190,-62,161
-111,-67,92
-81,-81,51
-102,-94,37
-118,-85,50
-104,-108,73
-37,-150,-9
21,-179,-185
31,-92,-323
16,-10,-308
-51,4,-215
-117,0,-87
-135,-10,-2
-90,7,100
-95,65,174
-131,123,412
-179,182,511
-257,221,511
-254,172,511
-195,183,511
-119,199,434
-48,183,269
9,168,164
59,154,92
58,83,30
36,-8,20
58,-27,48
85,-9,74
83,19,82
75,19,83
74,15,130
104,45,168
61,-11,192
71,-45,209
24,-102,296
-18,-157,511
-97,-75,511
-133,-148,511
-202,-332,511
-307,-363,440
-274,-287,332
-212,-213,239
-154,-147,165
-143,-93,107
-130,-52,51
-117,-40,-2
-128,-51,-62
-128,-46,-107
-122,-32,-122
-113,-13,-126
-106,8,-143
-113,26,-180
-139,19,-174
-188,-13,-88
-202,-33,47
-237,-42,181
-265,-42,286
-203,-29,370
-188,24,463
-222,31,511
-207,-20,511
-111,-76,511
-42,-56,511
-13,18,417
-4,81,264
26,91,145
6,24,43
49,-32,5
116,-12,-6
122,-48,-54
158,-50,-83
180,-43,-71
172,-39,16
135,-49,151
69,-50,338
45,-24,480
26,-40,511
-56,-150,511
-167,-176,511
-245,-220,511
-278,-172,511
-230,-74,378
-138,-15,228
-66,-12,177
-32,-22,154
-30,-44,103
-58,-51,43
-93,-33,5
-114,-7,-37
-116,13,-65
-106,32,-90
-108,41,-115
-127,41,-132
-163,26,-118
-189,5,-71
-197,-10,13
-177,-17,129
-230,-24,284
-237,-42,511
-214,-60,511
-178,-143,511
-108,-175,511
-37,-133,485
35,-76,323
72,-23,232
76,-11,156
58,-39,95
54,-13,131
83,5,146
111,6,135
125,1,114
139,-15,106
156,-7,120
160,12,158
131,-6,195
121,-38,248
106,-68,348
114,-91,462
143,-91,495
87,-128,511
10,-104,511
-97,-149,511
-165,-187,511
-146,-183,394
-81,-141,187
-32,-84,54
-19,-49,-4
-56,-29,-6
-104,-23,0
-92,-31,-23
-79,-32,-98
-67,-8,-174
-72,44,-227
-73,77,-246
-90,63,-219
-135,21,-167
-185,-24,-54
-212,-33,144
-302,33,418
-431,31,511
-487,-49,511
-422,-111,511
-248,-99,511
-100,-26,392
51,64,95
137,129,-11
217,166,-89
194,43,-6
142,-62,116
114,-92,195
129,-80,242
128,-51,262
144,22,302
125,51,239
109,79,185
99,82,182
71,53,217
31,20,296
7,0,382
-13,-29,493
-87,-67,511
-300,20,511
-407,28,511
-385,30,511
-287,-76,434
-151,-212,219
-60,-253,66
-21,-172,-32
-1,-86,-73
-23,-35,-94
-44,-13,-90
-52,6,-88
-27,10,-95
-24,26,-131
-11,50,-155
-29,59,-171
-88,25,-138
-151,-24,-60
-195,-82,28
-242,-168,151
-319,-246,375
-350,-122,511
-305,61,511
-277,187,511
-202,240,511
-142,239,387
-94,266,209
-32,252,114
10,148,130
19,8,245
100,3,327
105,-61,261
133,-36,199
131,-33,139
94,24,171
76,95,246
117,84,274
80,14,306
60,13,369
51,7,379
110,-40,418
61,-110,511
-65,-164,511
-145,-255,511
-234,-317,511
-262,-232,401
-245,-136,240
-170,-119,96
-113,-144,19
-112,-145,-53
-124,-109,-98
-123,-54,-111
-112,1,-74
-95,33,-56
-71,37,-63
-63,26,-84
-64,15,-94
-82,-11,-89
-111,-54,-63
-139,-96,-14
-162,-92,8
-222,-43,27
-294,10,255
-308,84,422
-211,-17,511
-99,-83,511
-48,28,511
-14,74,511
-20,212,511
-24,113,303
-8,96,283
-25,114,251
60,96,264
118,22,222
107,27,176
92,64,149
73,82,115
76,74,84
64,31,121
35,6,197
-5,14,276
-48,51,351
-70,32,432
-96,0,511
-69,11,511
-106,-60,511
-158,-118,511
-167,-122,495
-190,-118,330
-185,-80,214
-163,-48,144
-148,-29,93
-130,-35,39
-111,-48,-21
-101,-60,-76
-91,-73,-128
-88,-83,-150
-73,-66,-152
-54,-14,-160
-73,38,-151
-112,13,-109
-165,-21,-32
-197,23,10
-204,79,1
-148,102,81
-176,70,295
-229,1,511
-207,-20,511
-93,-11,511
16,37,490
72,94,351
70,123,285
95,106,208
119,65,141
136,55,146
119,58,226
102,68,283
88,91,258
88,99,206
77,83,231
49,76,295
20,56,278
47,30,258
33,33,316
18,5,466
-55,-1,511
-115,-8,511
-185,8,511
-194,27,483
-174,14,409
-135,0,313
-108,-3,219
-86,9,153
-75,14,110
-72,8,75
-65,-22,42
-67,-59,-1
-75,-76,-46
-75,-70,-77
-77,-49,-118
-96,-29,-188
-128,8,-244
-150,26,-233
-169,30,-92
-194,50,35
-214,40,207
-186,-26,443
-210,-86,511
-221,-92,511
-169,-17,511
-101,56,511
-28,113,351
34,104,212
52,95,122
16,34,136
7,49,168
45,62,141
107,-4,109
119,-31,155
134,-9,189
164,48,252
140,12,342
138,13,355
96,9,347
53,-4,337
-24,-32,356
-67,-102,440
-165,-83,511
-269,-58,511
-308,-81,511
-298,-98,511
-234,-94,366
-156,-70,239
-100,-55,160
-74,-54,113
-70,-64,53
-72,-61,-7
-68,-48,-55
-63,-32,-84
-54,-19,-111
-48,-1,-141
-63,3,-149
-71,-1,-119
-98,-12,-78
-118,-15,-17
-123,17,64
-179,44,147
-206,40,322
-244,41,511
-295,56,511
-230,63,511
-67,53,511
30,-34,511
68,66,377
7,193,162
5,219,40
-22,152,-21
-31,81,-57
-18,65,-66
57,82,-18
46,13,-26
126,-17,-37
158,-52,52
170,-58,142
180,-3,139
193,9,207
206,-132,355
166,-260,511
5,-224,511
-150,-99,511
-234,-69,511
-287,-88,511
-277,-100,510
-218,-78,330
-170,-50,196
-119,-15,97
-94,-10,45
-87,-22,12
-88,-30,-15
-100,-32,-30
-106,-31,-35
-105,-28,-44
-92,-21,-57
-77,-8,-90
-62,8,-136
-66,29,-173
-92,49,-207
-107,54,-223
-93,51,-255
-141,61,-282
-177,66,-72
-351,58,511
-391,18,511
-256,21,511
-113,80,511
-48,127,451
-37,134,240
14,71,120
45,56,46
64,35,-39
91,15,-73
147,-3,-55
128,-73,-45
124,-54,9
101,-15,106
100,8,166
84,13,219
61,2,329
47,-14,437
76,-43,442
141,-122,461
164,-222,511
14,-303,511
-278,-332,511
-406,-272,511
-412,-212,511
-392,-134,261
-317,-26,110
-223,22,75
-156,-16,38
-124,-71,12
-102,-98,-17
-101,-73,-40
-99,-20,-56
-99,19,-70
-110,32,-86
-125,22,-93
-135,-3,-101
-160,-31,-73
-168,8,-5
-215,76,51
-180,77,158
-220,37,368
-288,41,511
-260,79,511
-147,114,511
-48,126,353
11,122,254
63,91,190
77,46,119
53,26,89
27,45,161
81,61,233
17,5,186
69,34,153
55,57,153
91,48,164
129,17,212
142,-16,273
131,-24,309
114,-4,313
90,27,348
58,16,453
-50,32,511
-166,34,511
-296,-14,511
-341,-19,511
-272,-16,328
-190,-27,159
-128,-14,116
-108,-20,97
-77,-41,54
-67,-52,8
-63,-55,-49
-62,-50,-101
-60,-40,-151
-50,-38,-185
-48,-39,-216
-63,-35,-222
-84,-36,-197
-108,-42,-136
-110,-18,-93
-133,13,-59
-185,41,197
-315,100,511
-279,63,511
-156,-39,511
-95,-53,511
-108,51,456
-106,79,248
-83,62,188
-60,5,171
-64,-30,220
-1,-39,225
52,-41,184
79,-54,175
92,-51,186
86,-29,243
95,-7,263
95,3,224
76,4,223
35,2,305
18,-22,375
-13,-81,511
-111,-71,511
-195,-105,511
-281,-108,511
-299,-58,511
-251,-41,384
-187,-38,230
-144,-35,107
-112,-41,-12
-97,-79,-103
-91,-106,-149
-88,-111,-163
-92,-102,-177
-89,-79,-194
-80,-66,-189
-95,-43,-194
-141,-5,-201
-165,10,-156
-159,12,-62
-197,32,38
-278,63,250
-294,108,487
-250,117,511
-218,89,511
-175,68,511
-140,69,511
-71,73,511
-1,86,392
39,93,244
52,64,131
46,55,159
92,52,185
43,-4,234
170,-1,185
167,-59,116
153,-49,70
140,28,92
91,77,156
61,88,230
35,76,322
-25,73,420
-49,51,511
-160,60,511
-266,68,511
-323,31,511
-310,0,511
-260,-31,422
-112,-74,188
-92,-56,49
-77,-64,-24
-71,-63,-72
-85,-52,-112
-93,-44,-144
-89,-35,-182
-79,-21,-209
-68,-15,-209
-68,-9,-217
-89,-1,-198
-132,2,-157
-176,11,-125
-184,41,-92
-247,121,-25
-202,120,215
-200,3,511
-180,-115,511
-124,-135,511
-50,-44,511
-4,52,511
22,118,340
11,142,197
-2,130,123
-5,38,80
31,21,85
18,33,119
-7,58,216
72,22,223
155,-56,129
166,-85,116
140,-65,178
125,-31,285
114,1,436
80,16,511
56,-25,511
-112,-65,511
-256,-65,511
-321,-67,511
-330,-46,439
-280,-15,277
-196,-3,157
-138,-2,67
-111,11,21
-82,25,-16
-60,-8,-37
-50,-46,-38
-56,-65,-37
-64,-60,-28
-80,-40,-30
-91,-20,-42
-93,-15,-99
-75,-36,-192
-67,-67,-246
-92,-82,-226
-131,-59,-110
-220,12,-25
-272,104,296
-286,148,511
-284,273,511
-254,453,511
-230,463,511
-167,300,408
-52,250,226
-52,12,71
-2,18,106
-46,72,206
-92,147,289
-22,192,288
5,164,216
23,137,149
49,121,107
62,96,111
69,91,184
43,98,275
19,115,314
-10,121,337
-6,122,392
-79,97,511
-134,112,511
-186,81,511
-235,40,511
-215,15,434
-179,-10,300
-125,-24,207
-80,-45,122
-50,-69,50
-50,-87,10
-76,-112,-22
-78,-98,-38
-63,-62,-68
-56,-12,-98
-71,52,-116
-95,130,-78
-103,167,-59
-136,132,-20
-181,46,-2
-172,34,-48
-161,33,-40
-178,-10,228
-239,-60,511
-269,-31,511
-212,30,511
-119,83,511
-18,110,415
22,137,284
71,118,164
43,72,96
52,117,138
14,128,242
54,124,229
84,129,198
78,167,151
71,183,167
105,122,235
167,19,274
193,-63,346
172,-54,413
137,3,440
7,69,511
-74,136,511
-132,102,511
-204,28,511
-206,-9,511
-170,-22,311
-133,0,185
-92,22,130
-76,17,75
-81,-2,43
-86,-1,23
-91,-15,-2
-93,-35,-43
-85,-39,-77
-70,-35,-115
-57,-45,-138
-50,-22,-159
-78,-10,-135
-97,20,-53
-157,71,41
-208,131,136
-171,121,246
-133,22,398
-90,-34,483
-91,5,429
-129,76,388
-124,118,388
-129,104,367
-112,100,306
-86,77,208
-43,64,156
3,53,127
-4,96,283
-40,169,479
26,197,408
76,171,270
96,129,249
117,104,312
106,87,383
66,78,415
12,81,418
-52,71,511
-153,75,511
-202,54,511
-235,40,511
-233,32,508
-188,11,335
-124,2,184
-78,3,89
-34,-2,21
-32,-3,-16
-57,-12,-3
-77,-11,35
-83,-6,54
-82,-2,10
-75,22,-41
-54,51,-70
-47,50,-68
-75,29,-47
-123,13,16
-101,12,77
-115,38,45
-98,46,51
-53,53,113
-62,38,294
-79,6,475
-80,8,511
-74,26,492
-59,54,393
-65,79,258
-83,115,204
-74,121,161
-14,69,176
34,27,190
61,56,217
60,116,231
68,152,224
83,153,259
88,134,305
96,99,326
114,62,317
97,17,325
94,-32,380
67,-68,511
-12,-29,511
-98,22,511
-196,53,511
-235,65,511
-201,62,414
-139,35,293
-103,-5,213
-81,-23,157
-64,-23,124
-70,-21,108
-101,-17,123
-99,-24,95
-103,-31,43
-133,-20,32
-143,-5,-16
-147,16,-62
-128,34,-74
-131,19,-20
-159,3,48
-159,13,89
-102,2,132
-22,-38,143
-50,-29,315
-113,0,511
-65,0,511
8,-31,351
69,-28,258
70,0,315
109,11,329
73,65,320
96,39,234
135,-2,168
109,-20,138
131,-12,123
119,23,164
144,29,140
148,33,142
110,39,137
78,85,155
63,112,247
108,74,386
102,27,511
42,33,511
-46,-23,511
-158,-44,511
-168,-47,511
-154,-48,403
-116,-43,255
-76,-38,185
-61,-50,150
-53,-53,117
-49,-43,82
-50,-35,38
-57,-18,-6
-62,3,-38
-69,18,-72
-85,38,-104
-113,32,-116
-131,1,-108
-135,-44,-95
-126,-87,-76
-158,-88,-31
-240,-31,43
-250,81,170
-235,46,336
-202,-120,435
-208,-151,511
-136,-18,511
-63,134,511
-30,217,438
-31,219,329
-8,128,297
4,70,292
31,68,318
67,91,220
112,125,190
145,108,203
159,62,198
187,36,150
170,9,174
138,-24,264
82,-30,287
119,-43,243
126,-99,325
-3,-60,511
-109,-22,511
-161,-33,511
-178,-76,511
-173,-90,416
-154,-59,262
-121,-5,178
-108,29,207
-70,18,241
-52,6,189
-64,8,103
-79,8,54
-100,17,-14
-101,42,-89
-77,52,-150
-58,17,-168
-37,-34,-144
-66,-77,-75
-100,-61,15
-144,5,130
-179,49,287
-135,71,458
-79,75,475
-50,41,445
-65,49,433
-111,120,400
-98,160,282
-79,159,157
-66,145,67
-56,114,62
-67,81,162
-45,88,211
7,98,177
40,94,146
55,109,164
87,104,188
130,83,210
158,39,239
129,13,286
98,35,315
105,45,319
110,28,319
61,-16,441
-19,15,511
-113,56,511
-206,53,511
-240,11,511
-206,-33,436
-160,-55,306
-107,-60,207
-66,-52,146
-41,-59,105
-34,-63,80
-35,-56,63
-36,-38,48
-39,-22,30
-61,-11,19
-75,6,-5
-89,9,-31
-115,5,-51
-145,19,-13
-220,45,48
-262,86,141
-226,92,233
-184,61,278
-174,56,422
-180,71,511
-115,85,511
-50,77,476
-4,76,329
31,75,250
53,62,235
62,48,244
38,60,269
42,104,200
83,130,58
93,73,-14
125,96,-30
138,116,3
131,110,88
136,71,172
133,4,227
146,-34,275
210,-24,369
247,-40,426
222,-66,452
155,-31,511
17,-10,511
-71,17,511
-126,19,511
-147,9,437
-125,-12,311
-109,-9,231
-112,-19,167
-104,-35,117
-87,-50,72
-93,-60,31
-77,-38,16
-47,-5,23
-10,19,12
-17,32,-24
-74,42,-31
-103,49,-20
-123,26,46
-150,15,137
-177,16,218
-132,47,321
-74,59,404
-76,-3,511
-37,-32,511
59,9,496
123,51,356
135,83,271
119,103,202
74,100,142
26,72,109
17,62,103
48,40,86
72,12,99
93,0,124
140,6,145
188,11,128
270,7,153
245,-42,203
180,-50,331
191,-24,324
197,-21,309
169,-67,365
68,-77,472
-60,-52,511
-134,-33,511
-171,18,511
-155,54,436
-109,72,329
-65,57,240
-43,30,180
-44,17,153
-44,17,138
-42,11,101
-45,6,65
-50,4,43
-55,10,24
-55,51,-1
-47,84,-70
-101,86,-142
-180,69,-115
-226,81,-55
-247,79,128
-266,3,510
-266,-115,511
-231,-146,511
-128,-105,511
-56,-41,500
-9,14,283
0,73,141
3,74,80
14,91,81
8,90,92
16,72,107
56,33,88
69,2,60
42,32,69
59,110,137
98,124,103
155,58,83
208,-37,207
203,-121,345
190,-118,408
216,-56,453
178,-46,511
73,-81,511
-35,-52,511
-106,-38,511
-158,-25,511
-169,-24,422
-147,-15,262
-117,-13,168
-96,-16,132
-70,-27,109
-74,-39,96
-76,-51,72
-92,-55,37
-108,-43,2
-111,-23,-28
-113,-1,-67
-128,24,-125
-144,32,-168
-147,4,-164
-151,-46,-106
-163,-65,4
-252,-13,133
-308,56,389
-243,99,511
-207,11,511
-157,-34,511
-40,46,511
15,126,375
34,173,193
67,173,133
90,142,103
61,92,79
45,70,86
70,64,89
116,107,112
95,18,111
122,-7,140
183,13,150
187,25,139
158,12,126
125,-6,163
85,-28,232
69,-13,346
53,-43,502
-135,-128,511
-355,-80,511
-460,-66,511
-402,-64,511
-273,-110,412
-201,-132,210
-127,-76,95
-100,4,94
-86,42,88
-72,37,50
-65,16,18
-69,-13,5
-69,-35,3
-67,-42,-10
-52,-24,-38
-28,6,-74
-26,14,-103
-60,-6,-108
-145,-13,-34
-202,25,74
-277,69,164
-300,43,318
-307,4,469
-304,18,511
-266,87,511
-188,140,467
-98,140,327
-19,128,216
39,65,166
49,-15,267
57,-14,417
97,57,416
116,98,299
116,97,179
115,91,80
129,85,31
129,73,46
151,60,83
149,14,131
124,2,203
116,14,287
104,13,336
10,1,399
-51,33,462
-122,50,509
-186,15,511
-203,-17,511
-165,-36,435
-106,-37,346
-57,-26,301
-32,-11,274
-18,0,229
-9,-13,186
-9,-72,152
-24,-97,113
-73,-49,53
-100,20,0
-100,47,-63
-98,29,-114
-102,-16,-119
-112,-54,-96
-90,-31,-94
-137,44,-70
-167,117,41
-131,142,211
-181,93,407
-195,18,511
-167,24,511
-121,78,511
-73,125,499
-11,124,352
47,78,236
44,41,184
78,18,190
68,46,210
87,66,195
101,58,157
144,89,124
148,76,89
162,30,91
201,17,137
201,22,173
207,24,242
228,31,297
137,10,448
5,8,511
-49,37,511
-93,18,511
-138,-17,505
-149,-36,383
-124,-31,285
-110,-24,213
-90,-14,159
-85,-21,120
-82,-33,99
-82,-34,99
-70,-36,77
-53,-44,34
-37,-51,-11
-16,-58,-45
-30,-27,-89
-101,41,-47
-130,85,77
-167,91,263
-227,107,349
-297,135,343
-229,182,367
-218,136,374
-182,78,417
-156,77,424
-123,116,386
-84,150,313
-44,148,230
-15,138,173
-4,120,136
-10,92,163
-16,75,205
1,41,173
27,7,119
56,-16,138
96,-23,157
192,12,177
208,-6,164
245,-26,201
262,-33,265
303,-19,303
267,-40,333
194,-39,391
123,-17,447
70,-31,448
5,-81,417
-63,-76,390
-58,-9,334
-42,28,237
-24,24,162
-26,4,121
-40,-14,85
-54,-33,70
-54,-39,85
-61,-5,93
-77,35,95
-107,67,94
-146,67,64
-192,41,55
-197,22,133
-237,3,256
-306,-4,249
-278,-48,239
-195,-94,215
-137,-126,204
-111,-66,316
-85,20,406
-65,87,466
-47,133,440
-12,128,359
5,117,283
8,120,228
9,119,188
12,104,169
17,51,178
57,13,179
95,23,160
139,64,163
177,94,182
185,106,222
167,96,256
147,89,294
161,98,363
117,65,450
26,46,511
-36,40,511
-55,15,511
-69,-3,511
-109,-32,511
-144,-65,404
-150,-75,323
-146,-50,264
-106,-37,184
-77,-47,97
-63,-54,40
-81,-43,6
-76,-17,-27
-70,-3,-59
-65,0,-94
-73,-10,-141
-102,-50,-166
-121,-107,-169
-124,-149,-119
-109,-107,-85
-94,-8,-43
-61,64,138
-82,48,511
-130,-28,511
-151,-10,511
-130,125,511
-86,239,511
-61,278,345
-5,240,228
17,175,174
25,102,96
46,55,50
60,0,24
101,17,71
101,1,113
112,-58,83
165,-54,89
173,-38,128
124,-3,239
77,55,331
20,131,389
32,137,391
-24,104,421
-113,88,457
-193,102,511
-218,119,511
-184,87,438
-132,48,304
-119,28,137
-110,9,29
-110,-53,65
-130,-89,180
-133,-50,247
-118,7,228
-98,42,158
-85,43,100
-77,24,57
-87,10,20
-121,5,21
-160,-12,57
-177,-42,104
-201,-60,123
-255,-20,110
-253,33,227
-228,70,341
-205,54,368
-216,51,437
-199,86,463
-108,109,383
-7,82,319
86,35,274
135,1,242
132,-22,221
106,-7,248
101,25,214
93,47,175
84,58,144
90,66,124
106,61,106
98,45,113
107,35,163
92,32,206
100,30,262
79,37,354
-58,41,508
-135,76,511
-182,66,511
-195,-28,511
-204,-110,483
-179,-92,388
-165,-37,278
-141,10,207
-115,40,174
-91,37,147
-79,23,142
-79,3,127
-70,-7,87
-68,-16,17
-65,-18,-30
-79,-1,-71
-109,13,-93
-147,30,-68
-185,29,-30
-216,31,15
-272,40,54
-253,38,173
-227,0,406
-236,-8,511
-229,11,511
-144,73,511
-65,101,430
-2,107,281
34,111,241
38,88,207
52,59,198
55,83,218
65,103,172
130,121,120
193,96,67
235,13,30
257,-28,49
243,-10,115
185,26,226
120,34,311
100,26,356
141,14,397
112,-9,511
-16,15,511
-120,3,511
-229,-19,511
-275,-41,511
-241,-57,404
-173,-55,218
-123,-53,108
-98,-39,59
-87,-9,13
-91,21,-29
-93,38,-38
-81,26,-29
-62,0,-22
-55,-8,-31
-54,7,-54
-62,24,-69
-88,33,-35
-107,31,19
-119,6,94
-166,0,185
-203,35,301
-152,66,294
-75,57,230
-47,38,225
-86,66,429
-83,106,511
-67,136,511
-57,176,427
-64,198,322
-51,194,247
-27,154,214
-17,88,232
24,58,241
82,36,215
155,36,193
168,70,127
157,31,71
176,61,84
117,58,144
106,68,194
129,56,199
197,12,238
184,-38,359
125,-32,511
65,-61,511
0,-83,511
-53,-48,511
-69,-3,478
-68,19,329
-53,36,223
-47,8,148
-67,-48,130
-88,-68,170
-106,-53,185
-106,-25,184
-105,-21,140
-114,-9,76
-122,11,55
-132,9,79
-186,4,196
-224,-9,320
-247,-32,255
-222,-26,125
-107,-42,90
-42,-44,124
-41,-61,206
-62,-47,319
-44,-41,342
-5,-10,290
-3,31,228
6,75,146
-29,87,103
-51,91,150
-25,49,231
-4,-4,247
27,6,212
68,37,167
103,34,163
141,11,169
179,-11,187
183,-3,218
176,4,277
174,12,306
193,8,373
218,-52,451
178,-131,511
34,-97,511
-108,-55,511
-207,-49,511
-227,-46,511
-183,-63,343
-146,-59,200
-102,-53,127
-94,-56,86
-110,-54,39
-136,-14,-23
-143,45,-73
-129,89,-98
-129,99,-95
-133,83,-86
-140,53,-87
-145,3,-99
-149,-50,-118
-129,-96,-118
-121,-101,-84
-184,-24,-5
-223,31,65
-255,-8,253
-293,-105,511
-338,-181,511
-284,-173,511
-179,-93,511
-112,-69,511
-58,-27,448
-40,27,316
-54,62,227
-48,106,201
-11,109,161
30,65,145
36,24,130
53,8,112
62,13,104
69,24,118
70,29,122
69,31,144
68,21,185
32,10,217
-23,24,276
-12,48,316
-22,22,324
-80,-1,328
-138,5,349
-203,20,448
-200,14,480
-159,-24,385
-142,-66,265
-135,-79,180
-131,-68,143
-122,-63,152
-123,-65,205
-149,-52,250
-157,-10,238
-147,35,195
-130,62,147
-114,77,112
-110,79,84
