X,Y,Z
-198,-43,98
-199,-41,102
-204,-36,104
-209,-32,107
-218,-25,106
-230,-22,102
-233,-25,102
-231,-26,100
-195,-31,56
-203,-21,65
-207,-9,72
-206,-12,81
-207,-17,84
-210,-14,89
-215,-16,99
-225,-24,101
-248,-43,104
-252,-55,104
-243,-49,116
-231,-41,123
-219,-40,127
-217,-42,128
-213,-46,123
-212,-56,114
-207,-61,108
-205,-66,106
-203,-70,101
-200,-72,97
-196,-73,94
-193,-68,93
-193,-61,93
-195,-55,94
-196,-51,92
-195,-48,94
-193,-43,97
-190,-36,102
-199,-33,103
-230,-37,102
-251,-51,105
-242,-61,116
-218,-62,126
-200,-65,132
-195,-64,131
-193,-58,125
-194,-42,118
-196,-31,116
-200,-32,110
-210,-36,99
-214,-40,91
-218,-41,86
-218,-39,82
-219,-40,87
-214,-37,92
-209,-32,93
-207,-29,94
-209,-32,92
-211,-43,89
-204,-50,98
-207,-62,88
-209,-66,136
-236,-51,125
-220,-54,127
-206,-68,116
-208,-62,86
-195,-69,75
-195,-80,104
-185,-82,107
-183,-90,93
-176,-84,81
-176,-101,86
-176,-100,85
-183,-86,90
-181,-90,109
-188,-90,111
-185,-95,120
-188,-93,118
-185,-115,114
-189,-128,122
-190,-127,123
-177,-96,112
-175,-75,111
-174,-67,104
-177,-76,99
-174,-102,101
-181,-127,100
-170,-123,95
-147,-159,99
-139,-197,102
-165,-196,129
-188,-159,129
-181,-158,104
-186,-140,110
-210,-89,131
-176,-68,128
-164,-102,98
-168,-105,87
-175,-97,79
-184,-77,74
-180,-100,76
-167,-116,86
-167,-128,92
-181,-134,86
-178,-164,124
-166,-171,134
-160,-189,132
-159,-195,109
-169,-194,80
-195,-117,105
-200,-64,129
-205,-27,119
-165,-31,94
-178,-107,132
-161,-142,127
-153,-131,114
-157,-118,117
-172,-104,110
-179,-90,102
-191,-77,94
-201,-62,90
-190,-64,79
-192,-82,86
-195,-93,111
-202,-93,117
-211,-90,115
-212,-84,117
-204,-66,110
-207,-42,112
-210,-23,108
-214,-13,105
-223,-13,105
-224,-16,99
-224,-25,96
-223,-37,91
-219,-50,89
-216,-56,90
-221,-20,86
-201,-54,83
-200,-34,82
-203,-31,80
-206,-26,76
-207,-22,78
-210,-21,79
-208,-22,84
-210,-26,94
-206,-25,106
-204,-13,121
-201,6,138
-207,19,137
-200,21,127
-195,13,117
-188,9,120
-172,-4,124
-183,-11,134
-205,-13,140
-225,-16,146
-230,-22,147
-229,-24,151
-218,-27,149
-208,-31,140
-195,-26,135
-180,-16,125
-178,-1,119
-179,1,111
-190,8,110
-191,3,98
-199,17,91
-207,30,110
-213,26,111
-211,17,110
-209,7,115
-205,3,126
-200,8,135
-194,16,145
-192,24,142
-191,24,132
-195,22,124
-195,15,118
-194,7,110
-198,0,100
-202,-4,91
-207,-10,88
-209,-13,89
-209,-13,82
-196,-9,82
-193,-6,81
-191,-6,83
-189,-3,90
-184,1,99
-180,5,99
-177,3,101
-176,1,105
-179,-2,111
-189,-10,118
-218,-26,114
-260,-42,112
-290,-42,124
-313,-46,142
-321,-53,161
-317,-59,167
-287,-61,165
-273,-64,145
-268,-75,123
-262,-84,104
-254,-87,96
-248,-70,87
-241,-55,79
-225,-54,81
-215,-62,83
-206,-67,84
-205,-74,82
-199,-83,81
-192,-86,82
-179,-75,98
-189,-33,75
-189,12,60
-168,4,67
-139,-35,74
-137,-57,73
-147,-63,79
-161,-57,87
-178,-48,91
-190,-43,101
-200,-48,97
-209,-43,89
-220,-40,79
-227,-40,75
-241,-51,80
-245,-60,90
-240,-64,91
-231,-64,81
-240,-70,67
-263,-74,61
-271,-78,57
-258,-79,64
-229,-74,73
-216,-78,72
-241,-76,96
-256,-54,142
-266,-26,158
-267,-29,127
-264,-41,90
-261,-42,66
-248,-30,60
-218,-13,63
-181,-9,76
-143,-14,88
-141,-22,85
-162,-25,80
-183,-13,89
-194,8,82
-200,23,49
-187,22,25
-172,2,14
-163,-16,2
-153,-27,-2
-155,-27,1
-173,-16,10
-189,-7,36
-199,-2,70
-214,-1,98
-226,-8,115
-251,-17,127
-265,-19,138
-266,-24,144
-276,-33,139
-276,-45,131
-264,-46,119
-265,-54,105
-288,-46,98
-301,-28,105
-302,-20,109
-294,-31,103
-276,-55,100
-273,-76,110
-255,-84,123
-231,-80,131
-193,-67,132
-160,-43,126
-139,-23,117
-132,-11,110
-138,-8,95
-142,-8,85
-148,-7,82
-153,3,94
-161,23,109
-170,22,91
-174,11,82
-171,7,81
-178,1,78
-191,-7,81
-210,-16,81
-240,-23,89
-261,-29,97
-273,-40,109
-285,-58,86
-305,-75,49
-314,-66,19
-312,-48,18
-278,-41,74
-233,-59,151
-195,-62,196
-195,-46,189
-236,-26,159
-264,-12,141
-261,-1,143
-243,0,139
-218,0,104
-199,0,58
-180,27,37
-161,51,52
-138,57,93
-119,42,122
-116,27,131
-123,17,122
-133,20,114
-141,21,115
-149,13,109
-164,-1,95
-187,-17,79
-207,-26,76
-226,-30,78
-235,-21,76
-254,-12,64
-268,-29,63
-286,-55,70
-332,-74,74
-342,-75,69
-327,-73,59
-302,-58,64
-293,-34,94
-302,-20,141
-306,-22,168
-301,-28,179
-282,-30,193
-264,-37,203
-244,-47,204
-225,-57,178
-209,-62,120
-184,-48,68
-150,-27,41
-128,-7,45
-118,1,65
-117,6,77
-124,10,79
-139,13,68
-154,9,54
-174,4,40
-190,-1,32
-213,-9,31
-252,-20,34
-295,-27,39
-309,-42,48
-297,-63,62
-272,-78,67
-284,-105,62
-304,-112,58
-280,-94,52
-252,-78,64
-217,-78,92
-203,-82,131
-222,-69,169
-248,-44,200
-264,-20,202
-262,-14,180
-235,-10,150
-201,-2,128
-168,8,119
-140,21,113
-127,31,108
-127,35,107
-133,36,105
-128,29,108
-120,25,115
-121,23,110
-128,8,85
-141,-9,60
-150,-22,52
-164,-24,45
-183,-19,45
-201,-11,52
-230,-3,61
-265,16,85
-287,41,132
-289,30,147
-307,-24,156
-315,-66,187
-291,-73,207
-259,-71,207
-237,-68,198
-228,-67,182
-233,-66,165
-234,-61,147
-237,-60,133
-245,-62,124
-248,-63,119
-237,-57,124
-214,-40,132
-180,-19,140
-152,-4,146
-133,-1,144
-138,0,133
-152,0,117
-160,-4,101
-166,-9,91
-173,-14,82
-176,-18,76
-186,-22,73
-202,-29,81
-227,-41,88
-250,-58,95
-259,-70,98
-262,-82,96
-258,-93,91
-255,-99,88
-245,-97,88
-226,-81,97
-203,-45,117
-197,-15,128
-213,-15,106
-260,-33,69
-315,-20,52
-324,-4,29
-309,-11,22
-276,-48,12
-235,-65,41
-197,-39,90
-164,12,105
-141,54,89
-123,69,72
-111,62,66
-107,44,70
-118,42,83
-131,46,98
-141,43,100
-176,33,107
-211,20,106
-234,15,101
-240,13,116
-237,26,150
-239,28,158
-246,26,154
-255,15,154
-283,4,163
-314,-7,176
-322,-12,194
-292,-5,205
-259,4,199
-239,12,194
-236,11,193
-239,-10,185
-246,-32,168
-252,-56,158
-248,-62,148
-234,-59,140
-216,-48,131
-198,-43,130
-184,-41,121
-181,-41,110
-178,-44,101
-178,-46,90
-178,-48,85
-178,-52,78
-178,-54,71
-174,-48,65
-170,-44,60
-174,-39,55
-190,-39,53
-214,-47,55
-235,-58,62
-241,-63,64
-241,-62,70
-255,-63,69
-261,-74,73
-255,-89,74
-252,-72,86
-254,-43,97
-252,-33,95
-249,-38,105
-266,-35,121
-288,-27,130
-293,-19,126
-271,-1,128
-234,9,113
-209,24,84
-192,52,60
-179,83,43
-147,92,27
-132,80,41
-123,59,61
-117,42,67
-121,30,69
-124,19,68
-129,7,71
-139,0,84
-152,-7,102
-171,-1,126
-198,14,139
-233,26,147
-259,24,165
-273,12,204
-260,1,246
-232,-10,269
-245,-24,285
-251,-36,291
-243,-34,280
-236,-21,256
-247,-6,227
-266,-4,205
-274,-20,191
-257,-38,180
-240,-47,164
-221,-41,155
-217,-25,149
-199,-17,140
-179,-19,127
-161,-25,119
-150,-17,119
-153,-17,108
-156,-12,104
-161,-17,94
-167,-29,90
-169,-44,86
-176,-54,81
-183,-55,75
-191,-52,65
-205,-49,52
-229,-50,49
-242,-54,50
-254,-61,57
-248,-62,63
-264,-63,65
-281,-55,77
-280,-41,91
-260,-37,105
-234,-38,113
-232,-45,113
-251,-35,117
-281,-21,110
-294,-14,103
-275,-12,87
-249,-17,63
-227,-13,48
-204,0,43
-174,15,57
-153,41,75
-131,47,81
-122,43,81
-122,42,85
-125,39,93
-129,34,103
-137,24,114
-144,10,120
-153,2,125
-160,4,133
-170,13,137
-188,24,143
-218,29,157
-252,30,171
-270,24,184
-269,21,196
-275,19,208
-292,13,219
-287,13,223
-277,9,220
-260,9,213
-248,3,201
-246,-10,188
-249,-26,174
-251,-36,167
-248,-37,165
-241,-35,158
-229,-34,152
-208,-34,146
-183,-26,136
-167,-15,125
-162,2,111
-146,12,110
-143,12,112
-146,13,110
-154,13,103
-170,11,92
-182,3,77
-192,-13,66
-193,-33,61
-191,-43,66
-196,-58,67
-216,-66,68
-238,-78,81
-240,-89,103
-229,-96,118
-216,-82,130
-249,-48,132
-283,-18,135
-276,5,127
-242,9,98
-208,3,75
-207,-2,53
-253,0,59
-285,13,100
-282,21,135
-257,10,130
-226,0,107
-187,3,89
-154,22,79
-127,48,77
-106,58,67
-97,51,60
-96,41,57
-100,31,65
-113,21,81
-127,24,112
-144,27,136
-157,26,159
-164,19,172
-177,4,182
-193,-9,184
-215,-17,189
-234,-18,190
-257,-5,194
-256,2,208
-278,6,212
-293,11,216
-274,15,217
-251,18,214
-238,15,207
-242,3,199
-254,-20,184
-270,-46,167
-270,-62,149
-257,-64,136
-237,-57,126
-211,-45,120
-185,-34,116
-162,-23,111
-143,-15,105
-136,-7,99
-135,-1,92
-142,-1,78
-145,1,68
-154,-3,63
-175,-10,60
-187,-17,50
-192,-26,37
-192,-24,34
-195,-28,45
-217,-40,62
-239,-46,79
-263,-55,94
-271,-62,105
-261,-62,112
-276,-65,111
-283,-66,107
-261,-62,104
-218,-54,105
-188,-54,104
-198,-52,110
-239,-40,116
-272,-25,122
-283,-29,117
-269,-37,109
-246,-36,105
-211,-29,101
-185,-10,89
-156,8,72
-136,20,65
-124,14,65
-117,3,79
-113,-1,90
-126,18,99
-140,45,95
-156,54,80
-170,51,69
-178,30,74
-183,7,87
-191,-5,97
-207,-20,101
-231,-29,111
-258,-38,124
-271,-38,134
-259,-30,141
-295,-25,153
-324,-16,182
-316,7,189
-303,18,184
-274,25,188
-269,5,192
-276,-24,186
-278,-54,170
-247,-71,151
-215,-73,127
-202,-67,106
-194,-57,93
-181,-41,90
-167,-26,91
-154,-10,101
-152,0,110
-152,-10,108
-157,-22,112
-150,-22,114
-145,-21,112
-147,-19,106
-152,-17,106
-167,-22,104
-179,-30,103
-191,-41,101
-205,-53,93
-220,-64,89
-228,-69,85
-239,-68,88
-229,-67,84
-245,-69,70
-259,-75,49
-252,-75,46
-249,-50,72
-246,-25,96
-253,-22,103
-258,-11,107
-274,-2,118
-284,-7,129
-284,-27,133
-271,-36,121
-245,-29,99
-216,-13,91
-188,6,88
-165,15,92
-141,15,95
-127,17,91
-127,22,82
-132,17,69
-144,11,63
-149,6,66
-155,3,76
-157,0,86
-153,-5,94
-152,-8,103
-156,-6,108
-165,-1,109
-190,7,111
-226,19,117
-251,35,126
-274,53,141
-313,53,180
-315,37,221
-306,7,251
-270,-9,261
-254,-16,251
-265,-17,228
-278,-16,212
-282,-22,198
-283,-33,168
-277,-44,135
-250,-46,119
-213,-43,99
-193,-38,85
-176,-32,86
-158,-30,93
-141,-28,105
-134,-27,110
-144,-30,103
-153,-26,86
-163,-23,63
-175,-20,42
-181,-13,25
-185,-3,19
-190,-1,21
-203,-2,35
-217,-11,51
-236,-25,67
-244,-39,88
-252,-48,103
-283,-60,112
-301,-78,124
-289,-94,140
-243,-93,191
-199,-67,239
-197,-32,226
-227,-1,160
-259,24,100
-280,45,75
-267,58,70
-233,55,64
-199,43,59
-173,31,56
-151,31,59
-135,33,55
-124,22,50
-118,10,50
-120,0,51
-132,-7,56
-147,-15,59
-162,-26,65
-170,-34,74
-175,-35,90
-185,-21,107
-197,-2,112
-220,2,121
-246,3,159
-255,10,225
-247,23,267
-236,36,259
-259,38,227
-302,44,213
-297,42,197
-269,29,173
-242,23,146
-244,21,132
-259,16,130
-263,-3,139
-261,-23,149
-245,-40,159
-224,-49,157
-205,-53,150
-189,-49,144
-170,-39,141
-153,-32,134
-139,-31,124
-134,-32,107
-140,-29,79
-151,-24,50
-158,-22,22
-162,-16,14
-160,-18,19
-161,-39,40
-169,-66,60
-192,-89,74
-224,-98,84
-252,-96,92
-267,-83,113
-266,-71,118
-266,-63,116
-286,-37,123
-290,-25,110
-286,-28,89
-256,-17,97
-212,-7,116
-197,-7,131
-211,-10,134
-247,-21,139
-259,-36,143
-264,-45,148
-244,-36,122
-207,-20,91
-167,6,72
-132,22,68
-109,19,65
-102,7,66
-103,-5,61
-112,-15,55
-128,-9,55
-144,-2,62
-159,3,77
-177,4,93
-189,5,110
-199,-6,124
-207,-21,138
-227,-31,159
-249,-34,175
-255,-32,187
-252,-29,191
-276,-33,193
-306,-43,199
-321,-49,202
-311,-49,205
-270,-45,207
-225,-46,193
-221,-59,175
-246,-67,162
-260,-69,128
-259,-65,81
-244,-58,55
-216,-50,60
-182,-52,73
-153,-54,83
-133,-54,93
-119,-52,104
-107,-51,109
-105,-45,110
-123,-39,109
-143,-34,104
-174,-34,96
-190,-45,84
-192,-52,76
-198,-54,76
-196,-57,76
-220,-55,77
-236,-56,77
-250,-57,78
-269,-60,86
-273,-65,91
-275,-72,96
-281,-74,106
-258,-65,103
-235,-56,94
-220,-46,86
-227,-36,92
-244,-27,99
-268,-29,99
-285,-34,97
-273,-44,93
-250,-53,91
-220,-52,85
-196,-42,74
-168,-23,64
-145,-5,64
-129,2,60
-121,3,55
-121,4,56
-125,8,68
-133,12,81
-143,18,95
-153,20,105
-164,12,103
-174,1,109
-185,-6,121
-203,-4,134
-233,-9,134
-257,-17,125
-270,-19,123
-264,-14,134
-282,-13,153
-309,-8,187
-302,1,199
-286,12,196
-283,7,177
-294,-19,159
-303,-44,149
-291,-60,137
-269,-65,132
-255,-63,131
-244,-60,126
-224,-58,117
-198,-60,99
-171,-56,77
-150,-37,61
-145,-17,49
-148,-4,24
-152,2,1
-153,2,0
-153,-14,24
-151,-36,51
-156,-49,70
-168,-53,83
-184,-51,94
-204,-50,92
-228,-51,85
-248,-47,74
-258,-44,76
-262,-44,79
-264,-44,94
-294,-43,107
-305,-37,123
-291,-39,129
-256,-39,126
-226,-38,121
-212,-37,120
-235,-16,134
-256,12,140
-261,27,125
-257,41,94
-244,48,62
-215,38,54
-178,27,51
-148,30,54
-128,41,55
-116,40,55
-103,33,58
-99,29,73
-110,44,103
-131,71,146
-158,66,155
-173,36,142
-172,9,141
-167,-1,141
-173,5,134
-189,16,138
-211,22,147
-239,29,159
-253,23,165
-259,12,165
-289,-1,167
-295,-2,164
-281,-1,156
-262,11,154
-259,20,165
-273,19,174
-287,5,176
-288,-10,183
-277,-19,183
-261,-20,180
-239,-13,171
-207,-9,152
-182,-6,138
-161,-2,121
-146,0,108
-142,2,96
-143,7,85
-147,9,74
-149,24,88
-149,49,106
-150,59,101
-156,45,81
-158,20,68
-161,-11,64
-170,-25,72
-189,-28,81
-213,-35,86
-234,-45,93
-234,-47,104
-231,-44,109
-253,-29,113
-257,-14,118
-257,-7,119
-246,-16,115
-228,-31,123
-225,-25,132
-251,-4,132
-278,13,139
-280,22,139
-253,12,136
-226,1,128
-203,2,113
-181,15,105
-164,34,96
-148,49,92
-132,48,90
-127,38,87
-129,26,81
-134,22,83
-139,17,94
-144,10,105
-154,3,113
-161,3,123
-170,12,129
-180,24,134
-193,30,143
-210,32,147
-230,28,154
-246,23,164
-244,19,172
-269,11,176
-286,5,184
-283,3,186
-267,2,184
-255,-1,184
-261,-12,185
-278,-27,183
-288,-41,180
-280,-45,174
-269,-42,173
-257,-41,173
-241,-30,165
-222,-15,156
-202,-5,139
-187,0,129
-173,3,124
-171,4,117
-166,-3,100
-170,-12,83
-167,-25,70
-165,-33,61
-165,-36,56
-161,-36,53
-168,-40,49
-178,-49,46
-196,-59,41
-216,-64,42
-240,-65,53
-257,-59,78
-256,-43,105
-251,-24,109
-270,-12,114
-273,-2,109
-240,-12,78
-208,-15,62
-182,-5,76
-200,8,116
-231,4,141
-263,-19,148
-267,-40,149
-250,-44,149
-234,-21,151
-216,9,139
-190,30,122
-163,31,108
-140,20,106
-127,20,106
-116,25,101
-112,25,96
-117,25,85
-130,24,80
-147,21,83
-162,18,88
-168,13,93
-174,12,95
-197,18,103
-234,14,103
-257,-7,121
-258,-21,136
-248,-14,161
-268,3,189
-283,8,206
-282,4,217
-271,13,214
-266,26,216
-268,22,223
-283,8,227
-293,-10,221
-292,-26,208
-278,-43,189
-261,-60,171
-242,-59,157
-223,-37,118
-199,-22,83
-168,-16,64
-138,-2,71
-124,1,91
-117,2,104
-122,-3,106
-129,-17,101
-145,-26,96
-157,-34,88
-174,-36,85
-197,-39,86
-221,-40,82
-237,-45,78
-248,-47,82
-251,-49,87
-242,-52,91
-247,-54,87
-254,-55,76
-243,-45,96
-228,-22,150
-194,-3,174
-191,-3,138
-199,2,106
-229,5,110
-253,5,127
-255,-8,125
-250,-29,106
-233,-29,84
-207,-6,80
-181,18,80
-164,23,60
-153,24,58
-146,31,76
-137,34,96
-129,24,107
-130,5,118
-144,-14,123
-164,-30,129
-177,-35,134
-178,-37,137
-183,-36,141
-197,-35,146
-221,-32,149
-244,-27,157
-265,-21,161
-276,-21,165
-310,-35,168
-326,-55,177
-313,-49,190
-267,-36,199
-240,-26,190
-236,-26,176
-247,-38,166
-255,-46,160
-254,-51,159
-242,-49,166
-231,-49,162
-214,-44,152
-195,-34,132
-185,-30,104
-173,-35,72
-163,-35,59
-152,-29,66
-146,-26,85
-147,-36,91
-161,-46,92
-179,-50,84
-191,-49,79
-196,-48,75
-204,-48,81
-223,-53,92
-241,-63,108
-254,-75,120
-260,-86,127
-252,-93,123
-269,-100,107
-270,-90,99
-265,-64,94
-242,-42,91
-214,-31,87
-202,-31,91
-211,-32,89
-236,-26,93
-259,-14,94
-259,-4,96
-240,-6,85
-213,-16,63
-206,-13,23
-195,13,5
-177,37,23
-152,43,66
-131,24,101
-120,2,120
-120,-9,123
-130,-11,104
-148,2,82
-168,13,66
-179,9,65
-183,1,85
-194,-12,93
-215,-19,99
-244,-23,106
-278,-18,130
-283,-16,148
-266,-15,154
-294,-17,162
-312,-7,180
-310,9,202
-283,23,209
-252,21,200
-242,10,191
-245,-3,189
-244,-7,182
-236,-2,178
-231,-1,166
-223,-6,157
-199,-9,144
-178,-10,132
-160,-9,118
-154,-2,97
-156,5,78
-153,11,77
-148,8,91
-156,-8,114
-164,-35,136
-171,-57,147
-182,-73,140
-194,-76,131
-210,-59,126
-251,-37,122
-299,-30,129
-332,-36,137
-334,-55,141
-319,-69,141
-311,-66,136
-318,-58,126
-295,-44,105
-264,-49,85
-225,-47,78
-200,-45,91
-214,-38,97
-242,-26,97
-267,-27,89
-276,-35,78
-259,-41,67
-234,-40,61
-212,-26,45
-185,-11,30
-161,2,17
-139,11,7
-130,17,0
-130,21,1
-136,30,11
-138,39,20
-143,44,36
-149,32,49
-159,11,61
-167,-1,71
-173,1,94
-170,8,120
-177,6,137
-187,2,165
-200,0,189
-213,10,220
-199,27,236
-225,31,233
-240,26,226
-236,22,225
-228,22,234
-222,24,244
-215,19,248
-215,5,232
-235,-8,209
-253,-21,187
-268,-28,169
-266,-28,164
-243,-19,161
-201,-8,162
-162,1,148
-137,11,130
-125,21,110
-115,23,92
-109,24,85
-113,13,84
-127,4,92
-149,2,100
-170,-1,105
-187,-13,108
-196,-26,115
-211,-28,123
-224,-27,131
-242,-29,138
-258,-36,136
-280,-48,141
-282,-55,148
-274,-56,147
-314,-60,152
-305,-50,162
-266,-39,164
-232,-33,162
-211,-23,158
-219,-21,144
-250,-28,113
-285,-39,73
-300,-49,43
-291,-49,26
-275,-56,6
-250,-63,-5
-229,-64,-17
-207,-69,-19
-190,-69,-25
-173,-65,-32
-156,-58,-26
-142,-38,-9
-135,-10,18
-134,1,18
-138,7,18
-139,17,26
-138,26,55
-140,34,88
-146,36,112
-171,37,119
-202,38,133
-228,32,168
-248,24,216
-247,16,269
-226,-1,315
-221,-16,352
-249,-30,355
-259,-16,312
-264,8,254
-258,16,205
-258,8,165
-265,-3,133
-270,-11,112
-270,-22,113
-263,-37,131
-252,-50,149
-226,-55,153
-196,-51,150
-173,-39,137
-158,-25,122
-150,-15,111
-147,-5,95
-142,-2,87
-140,-5,84
-138,-6,85
-142,-9,93
-151,-13,110
-166,-14,119
-182,-15,121
-195,-16,127
-211,-20,130
-223,-23,131
-239,-32,126
-246,-43,112
-245,-50,101
-229,-49,94
-230,-48,85
-248,-44,73
-246,-37,67
-229,-33,64
-204,-29,67
-192,-25,68
-221,-27,54
-286,-32,42
-325,-29,56
-315,-20,81
-289,-14,96
-256,-11,93
-237,-5,69
-219,12,50
-193,33,51
-167,44,69
-143,44,74
-140,34,67
-143,29,64
-146,23,71
-147,26,85
-145,32,104
-144,34,114
-151,37,120
-168,42,127
-183,50,129
-196,54,131
-223,46,137
-253,36,145
-274,19,159
-264,8,171
-245,2,172
-258,-4,169
-296,-19,164
-308,-29,157
-300,-32,158
-282,-23,162
-274,-23,171
-278,-31,179
-287,-48,176
-292,-66,168
-288,-79,164
-275,-81,163
-256,-67,160
-230,-46,150
-203,-29,135
-190,-16,123
-180,-8,108
-175,-6,90
-173,-2,70
-174,1,57
-177,0,46
-179,-4,39
-182,-11,40
-186,-13,48
-194,-12,53
-199,-22,56
-207,-34,60
-214,-43,61
-222,-49,60
-225,-51,62
-222,-56,64
-210,-61,67
-211,-61,76
-246,-46,80
-259,-47,84
-242,-62,78
-221,-74,88
-223,-56,120
-234,-20,146
-256,4,155
-265,6,144
-261,-16,117
-253,-38,75
-256,-44,37
-246,-43,13
-222,-36,23
-193,-21,75
-161,-7,126
-133,1,152
-115,2,147
-111,0,131
-116,5,125
-127,10,129
-143,17,139
-162,16,139
-172,14,137
-183,13,142
-195,10,164
-208,11,181
-221,4,191
-230,-1,198
-245,-6,201
-237,-3,201
-255,-5,195
-286,-11,192
-290,-18,179
-278,-18,165
-277,-14,157
-292,-16,154
-304,-25,152
-308,-43,153
-287,-60,146
-267,-67,141
-247,-66,135
-228,-57,126
-205,-43,122
-191,-27,117
-176,-14,113
-170,-9,115
-173,-4,106
-185,-5,79
-194,-1,52
-185,-13,48
-183,-24,46
-186,-26,23
-191,-29,6
-168,-54,16
-157,-69,48
-159,-69,68
-180,-59,77
-201,-39,81
-233,-20,81
-252,-2,78
-276,8,70
-299,17,77
-310,19,81
-287,13,71
-272,-3,54
-271,-17,39
-285,-11,30
-302,11,45
-311,30,55
-302,30,63
-274,24,65
-239,21,59
-203,28,56
-173,41,59
-153,49,66
-139,47,73
-130,34,78
-128,12,79
-128,-1,78
-137,-9,86
-149,-10,101
-160,-3,118
-171,-1,124
-183,0,126
-185,7,131
-194,15,139
-210,22,150
-238,32,156
-259,41,173
-266,49,185
-308,53,202
-327,45,206
-321,26,182
-300,15,156
-276,14,134
-284,9,117
-291,2,112
-288,-9,113
-280,-28,117
-262,-43,122
-241,-49,128
-210,-45,132
-182,-34,135
-157,-19,139
-140,-4,143
-130,3,142
-135,1,130
-151,5,118
-157,9,105
-150,14,92
-148,11,83
-153,5,72
-164,-1,66
-184,-16,56
-212,-29,48
-238,-48,47
-269,-62,60
-292,-69,72
-296,-69,86
-274,-64,96
-264,-61,99
-266,-63,94
-255,-65,87
-248,-64,75
-223,-58,67
-236,-42,59
-273,-21,52
-305,-1,55
-310,6,61
-295,-5,61
-273,-27,60
-245,-39,50
-207,-37,34
-174,-18,30
-146,12,31
-128,27,32
-119,26,42
-116,25,59
-123,21,69
-136,15,79
-154,11,92
-171,2,99
-179,1,95
-198,10,72
-230,20,58
-252,26,58
-267,30,90
-276,32,132
-270,22,200
-253,12,253
-234,4,260
-288,-5,242
-324,-13,205
-333,-33,171
-315,-44,151
-302,-57,145
-312,-73,144
-327,-93,151
-309,-105,146
-268,-107,136
-221,-110,122
-199,-100,109
-186,-80,92
-175,-52,81
-162,-32,69
-151,-23,60
-145,-14,60
-145,-8,61
-150,-5,73
-158,-5,88
-170,-13,109
-171,-19,127
-187,-9,145
-202,14,154
-217,33,150
-236,34,136
-252,18,116
-257,-13,103
-258,-48,96
-247,-72,84
-238,-92,72
-246,-114,60
-238,-116,40
-223,-109,29
-194,-99,26
-171,-99,34
-176,-102,53
-207,-91,72
-247,-55,95
-278,-21,101
-288,-2,92
-283,-7,87
-261,-18,88
-243,-34,80
-217,-35,64
-196,-17,59
-168,2,68
-144,10,92
-131,15,130
-138,31,145
-145,51,154
-150,64,159
-158,62,165
-166,46,170
-174,22,167
-189,3,154
-206,-1,139
-228,1,130
-250,9,122
-266,13,121
-278,21,126
-274,31,133
-302,31,136
-319,18,145
-303,6,148
-273,2,153
-261,-1,153
-271,-5,156
-287,-17,154
-294,-36,153
-290,-54,153
-283,-66,159
-274,-77,159
-252,-84,152
-224,-80,145
-202,-68,128
-177,-66,110
-158,-68,89
-135,-66,77
-136,-41,79
-130,-15,79
-128,-21,70
-135,-33,64
-143,-34,58
-157,-37,49
-173,-38,46
-186,-40,57
-212,-45,70
-235,-44,79
-255,-48,82
-261,-54,86
-262,-62,85
-274,-68,71
-308,-69,52
-286,-59,33
-268,-58,28
-252,-55,39
-249,-41,63
-263,-9,91
-293,6,105
-304,7,105
-293,2,102
-270,-5,106
-240,-11,108
-200,-3,112
-165,7,108
-139,29,102
-119,47,88
-106,48,74
-107,42,77
-127,50,87
-135,50,82
-129,40,83
-132,44,113
-141,44,155
-147,26,182
-152,5,190
-165,1,192
-187,8,177
-203,14,159
-227,13,147
-249,6,142
-255,-3,142
-291,-15,142
-318,-23,149
-317,-24,148
-303,-18,149
-305,-12,156
-325,-11,174
-342,-26,184
-328,-48,182
-303,-60,175
-270,-62,167
-230,-52,150
-196,-28,127
-169,-12,101
-150,-8,73
-134,-14,60
-117,-14,60
-108,10,60
-115,29,58
-128,36,64
-143,23,75
-164,-6,85
-180,-37,85
-190,-54,85
-210,-66,93
-245,-72,103
-269,-71,114
-285,-72,117
-273,-82,120
-268,-70,125
-273,-60,113
-284,-52,97
-289,-42,83
-278,-37,74
-248,-37,71
-229,-48,71
-231,-49,59
-244,-31,51
-256,-19,55
-249,-25,72
-237,-34,98
-216,-32,111
-195,-18,107
-172,0,97
-153,27,82
-134,48,71
-124,56,61
-122,50,52
-129,32,32
-136,8,10
-150,11,10
-163,41,50
-173,61,115
-190,50,163
-191,17,190
-199,-1,203
-206,-5,209
-223,10,197
-244,32,187
-256,49,174
-264,56,169
-307,45,174
-325,35,179
-302,29,184
-263,32,183
-247,23,186
-257,15,189
-275,0,179
-274,-16,170
-278,-40,169
-273,-56,177
-252,-63,147
-230,-51,92
-198,-26,49
-168,-9,40
-140,-18,60
-121,-30,79
-106,-33,96
-105,-32,102
-112,-30,79
-119,-28,47
-128,-32,47
-138,-35,65
-154,-47,88
-178,-61,105
-214,-73,113
-251,-81,122
-272,-84,131
-285,-81,140
-272,-70,142
-268,-54,140
-299,-44,131
-314,-39,114
-295,-39,86
-261,-33,52
-258,-16,32
-284,0,22
-297,5,28
-294,9,43
-275,23,38
-259,33,42
-241,25,54
-211,2,59
-182,-14,63
-152,-18,60
-124,-18,59
-114,-12,58
-106,-6,65
-110,1,76
-124,10,84
-135,14,82
-147,12,87
-162,6,94
-181,-1,113
-194,-10,134
-214,-8,151
-235,-8,159
-257,-14,171
-270,-21,189
-254,-19,207
-278,-19,209
-293,-20,204
-293,-16,196
-276,-11,191
-261,-13,182
-264,-26,174
-262,-36,171
-256,-45,182
-243,-50,193
-233,-60,194
-227,-66,191
-212,-70,170
-191,-73,130
-178,-68,106
-165,-59,96
-157,-53,97
-159,-48,96
-162,-44,92
-162,-42,89
-169,-39,84
-177,-34,73
-184,-29,62
-190,-24,53
-199,-27,51
-213,-31,55
-227,-32,58
-237,-36,62
-241,-43,70
-234,-49,73
-251,-46,74
-268,-27,91
-263,-13,105
-232,-22,102
-211,-27,120
-219,-7,151
-259,4,152
-296,2,133
-296,5,108
-284,0,58
-270,4,34
-249,22,67
-215,21,106
-184,9,118
-156,3,122
-130,-1,116
-112,-1,109
-106,-2,102
-107,3,96
-121,4,93
-136,7,94
-145,6,103
-154,-3,105
-158,-18,105
-175,-28,121
-200,-22,154
-220,-6,191
-233,1,220
-233,0,237
-214,-15,230
-248,-41,218
-274,-45,214
-272,-23,214
-250,-10,208
-237,-7,200
-249,-3,200
-258,-6,181
-271,-14,169
-268,-24,163
-251,-41,164
-227,-57,159
-199,-60,141
-185,-55,133
-169,-43,130
-149,-45,121
-133,-47,107
-126,-33,99
-127,-17,97
-126,-15,87
-134,-18,87
-138,-26,119
-152,-32,164
-168,-38,203
-180,-40,211
-205,-41,188
-229,-42,143
-240,-41,114
-239,-30,106
-233,-30,104
-224,-38,112
-218,-39,116
-249,-27,98
-227,-19,76
-208,-20,70
-188,-27,70
-186,-30,72
-208,-26,73
-259,-20,84
-290,-20,86
-283,-25,84
-259,-29,77
-234,-26,73
-206,-11,70
-180,6,64
-159,26,62
-139,40,65
-122,41,73
-114,35,84
-117,32,87
-129,33,91
-143,34,101
-152,29,114
-165,19,125
-175,14,135
-186,9,145
-197,15,161
-215,25,171
-237,29,179
-257,30,193
-263,26,199
-238,23,193
-251,15,183
-288,3,176
-298,0,166
-288,3,165
-272,4,166
-271,-3,171
-289,-21,173
-298,-42,167
-292,-57,156
-279,-64,154
-258,-66,155
-227,-62,152
-200,-51,148
-177,-32,132
-165,-18,118
-157,-19,118
-149,-19,128
-154,-13,117
-168,-6,89
-181,-1,61
-183,-3,48
-175,-17,47
-168,-27,46
-166,-25,44
-175,-33,37
-200,-51,33
-222,-68,34
-233,-74,42
-243,-67,60
-240,-53,82
-248,-48,97
-272,-55,99
-265,-50,103
-239,-41,114
-215,-34,127
-231,-32,119
-279,-31,101
-313,-14,88
-321,8,95
-308,27,103
-286,21,100
-253,3,93
-221,-12,90
-187,-8,84
-155,4,84
-129,24,78
-118,45,66
-117,44,59
-123,31,67
-128,23,92
-135,22,133
-138,20,139
-143,18,125
-152,28,120
-171,43,123
-190,47,127
-204,46,129
-212,50,132
-231,53,139
-221,37,146
-255,20,156
-303,2,175
-312,3,193
-303,6,205
-292,5,213
-278,-31,217
-256,-73,213
-242,-96,196
-246,-101,171
-260,-94,148
-251,-80,141
-227,-71,135
-195,-63,128
-169,-55,123
-150,-47,117
-143,-42,109
-141,-46,101
-137,-47,103
-137,-46,109
-136,-39,110
-140,-34,109
-146,-20,106
-167,-22,104
-190,-18,100
-230,-18,95
-272,-25,87
-293,-46,75
-302,-72,71
-288,-83,68
-267,-84,70
-279,-79,64
-286,-75,59
-264,-73,54
-245,-77,56
-236,-88,58
-241,-92,70
-248,-82,86
-261,-57,94
-265,-37,84
-257,-28,73
-247,-25,73
-221,-30,81
-189,-36,92
-160,-35,101
-138,-31,104
-126,-24,107
-118,-23,103
-123,-22,94
-125,-19,88
-126,10,82
-128,29,80
-144,48,90
-164,49,95
-188,39,108
-212,20,126
-237,12,152
-247,7,180
-271,2,191
-286,1,197
-284,2,196
-315,-1,188
-324,3,182
-322,4,170
-293,7,162
-254,7,162
-243,5,169
-252,-1,168
-263,-9,159
-273,-18,142
-272,-19,133
-245,-30,128
-208,-49,126
-173,-59,125
-140,-56,122
-136,-39,123
-137,-25,117
-143,-29,109
-144,-36,103
-149,-44,96
-156,-47,90
-167,-47,86
-180,-48,81
-198,-52,76
-222,-54,76
-245,-59,76
-258,-64,78
-263,-71,80
-260,-74,84
-244,-65,89
-255,-48,91
-265,-46,85
-261,-54,81
-262,-45,93
-253,-10,122
-244,7,146
-256,0,120
-288,-16,100
-293,-26,96
-269,-25,95
-239,-8,83
-206,16,56
-181,47,29
-155,64,20
-132,64,23
-118,52,39
-106,42,51
-101,44,57
-105,45,61
-113,38,70
-123,31,78
-140,24,91
-157,17,109
-172,13,121
-190,17,130
-204,22,136
-226,34,152
-254,48,162
-285,80,196
-278,95,206
-264,72,195
-311,45,218
-301,37,236
-275,33,236
-251,45,216
-253,45,200
-277,26,190
-294,1,180
-293,-26,168
-281,-42,158
-261,-46,148
-226,-39,134
-187,-30,117
-158,-20,102
-142,-9,95
-140,-1,92
-141,7,78
-140,31,72
-145,53,66
-153,46,57
-151,19,62
-145,-9,79
-142,-40,97
-150,-59,100
-176,-63,98
-211,-49,96
-252,-27,103
-274,-16,110
-278,-6,110
-260,-3,98
-269,-10,91
-290,-4,93
-316,9,101
-298,12,94
-265,-5,89
-245,-12,92
-257,-3,93
-288,9,84
-296,16,67
-281,21,56
-259,21,42
-230,17,36
-199,22,36
-167,35,38
-140,37,39
-120,29,40
-107,22,36
-104,18,36
-113,23,47
-126,23,64
-139,19,86
-158,15,110
-177,10,122
-196,10,122
-226,5,110
-248,2,116
-260,8,140
-255,11,166
-242,12,187
-236,10,199
-281,3,221
-317,5,248
-322,2,247
-283,11,222
-260,25,204
-267,28,191
-284,19,183
-286,1,182
-269,-20,174
-243,-33,164
-216,-39,150
-180,-34,134
-153,-23,121
-129,-16,109
-117,-16,100
-122,-19,90
-130,-23,77
-144,-19,69
-162,-13,67
-183,-13,68
-198,-10,71
-206,-10,74
-214,-11,79
-215,-13,78
-221,-22,72
-236,-34,68
-247,-48,67
-257,-55,72
-251,-59,73
-246,-63,75
-263,-63,66
-265,-57,57
-255,-62,54
-252,-59,65
-251,-52,78
-265,-34,100
-291,-26,116
-306,-22,127
-298,-21,132
-272,-17,123
-249,-13,100
-222,-6,77
-192,4,57
-159,10,45
-135,30,42
-123,45,46
-116,53,46
-120,48,47
-126,38,59
-137,26,74
-150,13,82
-169,5,91
-185,2,100
-200,1,114
-215,9,133
-230,23,146
-248,32,156
-259,31,163
-270,26,171
-269,24,183
-294,18,188
-315,6,191
-304,2,184
-289,1,173
-274,1,163
-269,-8,154
-265,-16,145
-258,-29,133
-249,-30,128
-241,-28,128
-234,-22,131
-225,-19,129
-210,-28,121
-200,-44,107
-181,-59,100
-155,-58,99
-135,-57,98
-126,-65,91
-128,-71,88
-136,-68,77
-168,-58,73
-189,-60,68
-194,-78,62
-197,-80,65
-206,-69,72
-226,-65,76
-252,-62,86
-259,-54,96
-263,-41,106
-253,-35,100
-284,-36,80
-295,-36,57
-285,-35,37
-255,-41,30
-218,-35,38
-216,-16,59
-252,1,70
-288,9,82
-298,3,90
-284,-24,86
-268,-44,74
-241,-49,64
-209,-45,55
-181,-36,44
-152,-24,28
-130,-11,16
-115,2,20
-132,25,63
-145,52,124
-144,42,149
-150,9,147
-155,-19,144
-156,-40,148
-157,-47,157
-168,-40,175
-187,-24,184
-206,-12,188
-230,-8,191
-240,-2,191
-236,-5,191
-248,-10,193
-303,-23,198
-321,-31,205
-323,-32,201
-310,-32,200
-300,-37,204
-291,-52,209
-275,-55,205
-254,-51,194
-239,-48,171
-225,-53,130
-209,-61,89
-193,-63,63
-173,-69,46
-148,-62,39
-137,-43,9
-136,-46,-9
-155,-29,12
-170,-2,42
-177,1,65
-181,-7,77
-195,-28,78
-202,-48,77
-207,-60,77
-222,-61,87
-242,-65,94
-252,-67,97
-245,-64,101
-222,-55,104
-214,-58,95
-263,-78,83
-287,-101,75
-266,-95,68
-235,-69,71
-222,-40,77
-235,-13,72
-262,6,58
-289,6,54
-294,-10,64
-290,-31,67
-281,-41,65
-259,-34,59
-223,-13,60
-190,4,63
-156,22,76
-133,36,77
-126,49,70
-136,63,58
-141,69,52
-145,49,60
-147,19,83
-161,13,112
-176,14,124
-186,12,127
-194,12,135
-205,9,147
-213,7,158
-226,1,171
-234,3,191
-232,8,203
-284,-1,204
-308,-33,200
-304,-51,188
-290,-47,172
-276,-24,162
-281,-7,163
-284,-10,159
-275,-13,153
-257,-20,146
-247,-32,142
-224,-45,135
-203,-48,129
-186,-48,120
-171,-44,106
-159,-40,94
-146,-36,81
-139,-24,72
-135,-21,68
-137,-23,68
-145,-28,65
-154,-37,63
-162,-39,62
-176,-35,60
-199,-31,69
-224,-41,84
-239,-50,107
-247,-59,132
-254,-51,150
-259,-47,150
-284,-37,137
-285,-42,99
-251,-44,65
-221,-40,60
-197,-24,60
-200,-12,66
-240,-13,79
-274,-16,99
-290,-19,124
-273,-20,126
-240,-27,109
-219,-26,87
-207,-11,54
-208,18,20
-195,55,-1
-168,60,16
-147,42,54
-131,9,81
-125,-9,92
-129,-16,90
-138,-8,91
-146,1,100
-156,5,109
-169,9,108
-184,10,110
-200,16,117
-223,19,125
-241,17,137
-259,9,151
-256,4,162
-286,-5,170
-316,-14,180
-324,-15,174
-309,-13,161
-275,-10,147
-268,-32,134
-267,-58,122
-284,-64,108
-296,-66,97
-291,-61,101
-270,-56,98
-242,-57,82
-211,-47,70
-175,-28,70
-147,-9,77
-128,-2,85
-119,-4,87
-121,-8,88
-130,-9,88
-136,-6,89
-145,-2,94
-158,-4,100
-170,-12,106
-182,-26,106
-197,-39,103
-222,-50,100
-247,-60,100
-268,-64,107
-279,-65,112
-276,-63,115
-268,-57,112
-298,-54,93
-292,-55,67
-277,-60,42
-244,-53,26
-219,-35,15
-242,-25,23
-295,-18,48
-329,-34,79
-309,-53,100
-268,-63,90
-236,-68,67
-206,-53,47
-185,-27,21
-162,-6,-2
-148,2,-18
-139,13,-16
-133,21,14
-125,14,56
-128,3,95
-145,-6,126
-159,-5,156
-171,-5,178
-187,-12,196
-184,-18,199
-193,-14,183
-212,-1,147
-236,21,126
-254,38,111
-261,41,107
-267,36,111
-302,22,122
-320,1,138
-323,-24,151
-292,-30,152
-287,-41,157
-294,-58,154
-302,-74,148
-296,-89,138
-278,-100,131
-261,-103,125
-243,-92,123
-217,-67,114
-188,-48,100
-167,-31,96
-153,-11,93
-143,-1,89
-141,3,80
-140,2,69
-143,-3,58
-150,-15,48
-158,-26,43
-163,-35,44
-168,-38,51
-175,-40,58
-193,-35,69
-223,-32,80
-250,-35,91
-259,-49,97
-246,-62,96
-245,-74,94
-273,-74,93
-274,-63,91
-257,-58,93
-232,-61,97
-231,-64,105
-249,-55,113
-277,-34,116
-301,-28,116
-290,-13,116
-269,1,113
-250,7,101
-217,18,92
-188,29,88
-157,40,84
-134,41,74
-118,39,63
-117,32,53
-124,23,49
-131,16,60
-144,7,73
-160,0,84
-171,-8,95
-187,-9,105
-195,-8,107
-210,-9,108
-224,-7,115
-232,0,123
-245,5,133
-248,14,149
-265,18,163
-303,8,176
-324,-1,187
-316,-12,191
-300,-16,191
-298,-21,193
-307,-37,194
-313,-59,186
-304,-76,165
-281,-83,144
-251,-85,124
-213,-81,110
-184,-62,104
-164,-42,104
-154,-26,101
-151,-28,94
-154,-29,83
-158,-20,89
-164,-17,85
-173,-29,75
-174,-38,75
-171,-41,78
-171,-45,73
-172,-52,66
-182,-53,52
-186,-50,43
-200,-36,34
-213,-40,32
-229,-50,40
-232,-54,50
-224,-48,61
-256,-33,75
-294,-11,93
-288,-3,96
-263,-16,103
-246,-29,121
-249,-24,137
-267,-16,146
-293,-20,134
-292,-34,120
-269,-37,111
-240,-28,103
-215,-13,79
-188,-1,61
-160,10,45
-138,23,18
-128,39,0
-124,44,-5
-127,50,20
-131,43,62
-147,27,97
-165,11,123
-181,-1,140
-193,-11,153
-206,-10,165
-220,3,166
-232,15,162
-244,18,156
-257,17,157
-269,9,162
-261,11,163
-290,4,163
-308,-7,166
-307,-15,173
-281,-8,177
-263,-1,189
-269,-2,214
-274,1,238
-281,17,221
-285,10,145
-259,-15,94
-226,-35,104
-193,-63,125
-167,-66,117
-153,-61,102
-143,-48,88
-138,-32,84
-135,-28,80
-136,-22,79
-150,-17,76
-161,-11,77
-167,-19,75
-170,-37,72
-175,-58,83
-180,-53,111
-189,-38,127
-203,-26,137
-221,-21,143
-234,-31,146
-239,-33,158
-232,-28,171
-255,-23,147
-276,-23,107
-273,-28,73
-246,-23,64
-221,-7,68
-229,-2,68
-266,0,63
-302,4,61
-310,8,71
-288,6,70
-257,-4,64
-252,1,30
-236,20,-16
-203,22,-3
-169,15,49
-141,3,86
-126,-6,112
-131,13,122
-136,33,131
-143,49,130
-150,52,124
-154,47,125
-156,41,126
-163,38,123
-170,33,121
-175,26,132
-193,19,152
-211,18,156
-217,15,150
-213,7,148
-229,3,150
-264,3,156
-297,10,162
-299,7,162
-288,15,166
-283,13,175
-290,9,182
-290,4,184
-279,0,180
-257,-12,180
-231,-22,181
-199,-29,180
-170,-30,172
-145,-28,150
-135,-20,127
-131,-16,105
-131,-6,93
-144,12,87
-152,33,85
-163,27,63
-167,10,45
-161,-8,61
-161,-28,78
-171,-45,95
-193,-52,105
-222,-50,107
-247,-48,113
-255,-51,119
-251,-50,126
-233,-40,136
-250,-27,136
-265,-25,133
-266,-33,123
-252,-42,98
-234,-39,82
-245,-13,93
-271,8,109
-307,16,119
-320,15,113
-296,8,96
-262,1,85
-225,-7,70
-194,-8,48
-163,1,36
-139,13,35
-118,23,39
-97,28,47
-86,28,50
-92,29,49
-109,23,59
-124,26,67
-151,27,80
-181,22,101
-198,19,123
-209,28,147
-213,52,159
-218,59,161
-224,55,166
-240,48,179
-249,47,189
-290,36,194
-341,12,199
-335,2,203
-284,2,199
-248,5,200
-246,7,209
-262,11,228
-273,34,237
-277,36,197
-265,-4,146
-250,-34,123
-203,-56,103
-158,-72,79
-123,-88,61
-116,-82,61
-121,-60,70
-128,-40,75
-137,-29,79
-145,-26,81
-150,-17,84
-153,-8,84
-163,-1,82
-179,-2,81
-186,-5,79
-194,-9,84
-216,-12,98
-239,-13,114
-255,-19,129
-259,-30,136
-246,-26,136
-254,-21,139
-269,-9,140
-262,-1,149
-253,-1,153
-246,-23,138
-232,-32,125
-237,-25,119
-260,-12,102
-275,1,82
-267,8,68
-248,13,64
-220,9,64
-191,2,72
-165,-2,71
-143,7,75
-126,23,73
-114,35,77
-111,33,75
-113,25,75
-120,24,83
-130,28,94
-141,29,96
-152,20,94
-162,11,102
-170,10,116
-181,18,125
-196,22,131
-216,24,138
-230,32,161
-245,44,186
-252,50,187
-245,56,175
-268,57,164
-289,49,162
-292,43,164
-285,34,163
-277,28,163
-281,19,167
-294,2,173
-299,-18,171
-294,-37,166
-276,-52,158
-249,-59,151
-219,-54,143
-196,-40,138
-176,-16,130
-160,-3,116
-153,0,98
-145,2,86
-141,1,75
-142,0,68
-139,-9,63
-137,-16,59
-139,-22,56
-147,-28,49
-161,-27,46
-177,-26,44
-193,-24,48
-215,-27,55
-241,-32,64
-261,-44,71
-262,-56,77
-254,-62,77
-263,-63,80
-275,-63,80
-263,-63,77
-251,-60,78
-243,-51,90
-247,-22,104
-271,11,117
-307,21,125
-320,19,127
-304,14,120
-283,8,118
-260,2,106
-234,2,85
-207,11,68
-177,29,60
-144,38,54
-122,45,54
-111,49,52
-112,43,54
-118,36,62
-132,26,70
-147,14,83
-157,8,95
-164,7,100
-171,15,102
-179,25,102
-191,27,105
-206,25,111
-227,19,126
-242,15,142
-240,12,153
-268,5,162
-311,-8,175
-340,-29,186
-332,-40,201
-312,-42,211
-294,-38,219
-275,-43,206
-268,-57,184
-276,-70,160
-277,-85,139
-272,-92,122
-256,-86,114
-221,-70,112
-193,-55,114
-168,-40,109
-153,-32,98
-145,-22,85
-144,-16,78
-147,-14,73
-155,-11,69
-162,-8,66
-162,-8,64
-171,-12,60
-180,-22,57
-194,-31,64
-208,-37,67
-226,-45,64
-236,-45,70
-248,-35,88
-255,-24,107
-248,-25,113
-238,-41,107
-260,-57,103
-258,-39,117
-230,-2,136
-210,12,133
-209,4,122
-223,-7,118
-250,3,121
-276,8,108
-282,2,97
-261,-9,102
-229,-14,121
-196,-11,126
-166,2,122
-141,16,105
-123,19,88
-107,21,81
-101,25,78
-103,29,79
-113,34,82
-128,36,87
-145,38,101
-171,30,103
-178,9,103
-183,-6,121
-186,-15,152
-199,-12,182
-219,4,206
-242,22,221
-248,33,233
-235,35,228
-270,28,228
-284,36,229
-262,41,209
-229,44,180
-222,45,171
-245,21,165
-281,8,149
-300,-7,105
-306,-14,66
-300,-14,71
-284,-30,115
-253,-46,152
-220,-44,163
-194,-36,153
-176,-27,135
-160,-21,121
-149,-13,107
-144,-7,96
-150,-12,85
-142,-18,81
-126,-27,84
-104,-32,79
-103,-34,75
-115,-27,74
-141,-16,69
-173,-6,71
-208,1,79
-250,-4,94
-279,-21,118
-289,-36,146
-315,-44,164
-309,-44,172
-288,-43,170
-267,-37,166
-257,-32,144
-269,-29,103
-284,-11,42
-315,1,-20
-316,9,-36
-284,13,8
-255,0,66
-224,-5,97
-191,-2,90
-167,5,68
-146,18,53
-126,30,58
-115,39,58
-114,47,57
-112,45,58
-119,37,66
-129,23,81
-137,15,93
-151,11,100
-161,12,104
-177,18,106
-193,26,121
-208,37,141
-221,34,154
-240,9,194
-257,5,258
-275,26,279
-311,52,253
-308,63,210
-285,67,186
-249,62,164
-253,44,147
-259,35,134
-255,29,129
-240,25,127
-224,18,129
-209,5,134
-191,-7,135
-165,-17,132
-147,-13,131
-131,-8,130
-130,2,127
-133,7,117
-143,8,106
-154,1,98
-161,-6,94
-168,-11,91
-176,-16,91
-184,-25,94
-193,-29,91
-208,-31,88
-244,-33,89
-272,-40,100
-289,-42,120
-286,-41,146
-281,-31,176
-313,-41,207
-322,-70,217
-282,-80,204
-240,-68,166
-205,-38,117
-185,-9,64
-199,12,37
-224,31,40
-246,47,56
-248,42,54
-235,24,48
-211,4,47
-183,-10,51
-163,-8,54
-148,4,57
-134,20,55
-131,35,45
-129,33,43
-128,30,56
-124,22,68
-126,17,75
-136,20,83
-154,23,99
-169,20,108
-183,17,121
-192,25,139
-202,36,166
-215,29,186
-231,12,211
-239,-3,239
-237,-7,252
-280,-10,242
-315,-9,218
-324,-4,193
-291,4,180
-246,12,170
-238,9,164
-249,2,149
-260,-9,141
-256,-26,135
-239,-41,133
-218,-56,131
-191,-59,134
-173,-47,133
-161,-18,121
-154,0,110
-143,5,102
-131,13,96
-131,16,87
-139,11,79
-151,1,77
-166,-12,82
-183,-21,92
-202,-36,103
-208,-54,113
-203,-65,125
-208,-57,139
-220,-28,149
-238,-14,154
-235,-12,158
-236,-6,155
-255,-10,147
-244,-17,139
-232,-26,108
-237,-30,72
-256,-15,54
-279,-2,56
-299,-11,75
-307,-39,93
-293,-59,89
-271,-65,66
-240,-49,44
-209,-34,20
-192,-18,2
-179,-4,-11
-163,5,-6
-146,8,10
-134,3,35
-133,-2,58
-144,-7,72
-160,-21,81
-175,-38,85
-183,-48,88
-184,-52,91
-176,-49,96
-174,-15,108
-187,22,135
-203,43,136
-228,33,126
-253,29,132
-257,27,154
-277,23,177
-303,20,194
-311,21,200
-285,26,205
-246,21,198
-220,8,194
-225,-6,198
-247,-15,201
-264,-13,192
-273,-19,175
-263,-29,155
-248,-44,138
-227,-57,124
-205,-62,109
-184,-57,94
-163,-51,86
-145,-48,86
-133,-50,90
-133,-49,93
-137,-44,93
-148,-40,90
-167,-37,87
-183,-41,85
-188,-39,87
-188,-41,83
-195,-42,83
-212,-46,79
-232,-53,82
-247,-55,93
-258,-58,106
-248,-61,107
-265,-64,101
-289,-65,81
-284,-57,67
-266,-53,51
-239,-52,50
-228,-41,61
-243,-18,77
-270,-3,90
-285,-3,86
-278,-10,67
-260,-20,61
-243,-22,59
-218,-9,59
-194,2,53
-165,9,63
-137,12,72
-123,12,76
-117,15,79
-122,20,84
-132,19,91
-142,16,98
-155,16,98
-161,9,95
-164,7,93
-168,11,92
-178,14,101
-193,16,117
-213,17,133
-234,21,153
-235,26,175
-266,27,189
-296,23,204
-305,18,213
-305,9,218
-307,3,222
-308,-8,225
-308,-28,223
-300,-51,211
-297,-70,193
-291,-80,170
-279,-85,145
-256,-80,122
-219,-68,105
-183,-51,98
-159,-33,90
-147,-18,85
-143,-8,74
-145,0,63
-147,0,52
-142,-2,44
-131,-23,51
-130,-44,63
-138,-52,62
-159,-47,54
-188,-38,45
-216,-29,47
-242,-29,51
-260,-38,54
-265,-43,65
-255,-47,64
-235,-50,61
-252,-49,56
-278,-41,56
-278,-28,63
-255,-22,77
-245,-33,75
-264,-44,78
-303,-40,80
-325,-28,107
-316,-15,142
-285,0,172
-252,10,172
-232,4,143
-214,0,110
-189,-5,80
-146,-16,58
-106,-26,37
-98,-25,37
-121,-2,55
-135,34,79
-142,55,78
-151,62,82
-150,60,87
-163,80,120
-169,68,98
-180,39,76
-196,20,105
-210,14,143
-222,17,159
-223,26,166
-232,27,180
-266,15,203
-274,2,216
-258,0,223
-252,10,227
-266,20,223
-297,18,220
-312,9,210
-300,-4,197
-272,-24,180
-248,-39,159
-224,-45,141
-202,-48,127
-186,-45,117
-170,-37,109
-160,-29,105
-158,-30,96
-163,-25,90
-167,-22,80
-166,-19,73
-158,-18,72
-152,-15,70
-158,-5,73
-168,0,73
-174,2,72
-182,-1,66
-200,-8,56
-218,-15,52
-230,-26,52
-237,-30,58
-227,-33,63
-237,-39,62
-272,-45,64
-301,-46,65
-299,-50,68
-271,-58,86
-265,-57,112
-273,-38,128
-302,-5,137
-322,25,146
-303,32,136
-277,34,111
-257,14,79
-234,2,58
-210,-1,50
-187,1,54
-161,1,57
-137,3,61
-118,5,61
-112,15,65
-118,27,75
-128,32,81
-143,32,88
-156,25,93
-169,15,97
-181,7,105
-188,5,112
-190,7,121
-194,7,124
-207,6,128
-228,7,136
-241,9,148
-254,11,161
-293,7,172
-312,6,186
-312,4,197
-297,10,207
-271,13,210
-259,6,208
-262,-9,200
-268,-27,186
-269,-44,166
-261,-53,147
-253,-60,138
-242,-58,136
-229,-46,130
-215,-38,121
-200,-19,117
-187,-5,118
-174,0,112
-166,5,108
-159,5,102
-158,3,97
-157,-4,90
-158,-11,79
-162,-17,73
-166,-24,68